     0/599     2.45G   0.04533   0.02643  0.005587   0.07735       170       640    0.8921      0.96    0.9246     0.439   0.02615   0.02162 0.0008288
     1/599     6.63G   0.03937   0.02166  0.003925   0.06496       189       640    0.8451    0.9599    0.9182     0.467   0.02548   0.02135 0.0008379
     2/599     6.63G   0.04591   0.02182  0.004089   0.07182       208       640    0.8788      0.94    0.9182    0.5009   0.02446   0.02089 0.0008909
     3/599     6.63G    0.0423    0.0206  0.003377   0.06627       183       640    0.9315    0.9799    0.9604    0.5103   0.02423   0.02082 0.0009671
     4/599     6.63G   0.04359   0.02014  0.003131   0.06685       203       640     0.938    0.9798    0.9604    0.5273   0.02349   0.02032  0.001049
     5/599     6.63G   0.04322   0.02061  0.003149   0.06698       217       640    0.9536         1    0.9962    0.5285   0.02317   0.02014   0.00105
     6/599     6.63G   0.04203   0.01973  0.002904   0.06467       163       640    0.9286    0.9799    0.9624     0.536   0.02366   0.01978  0.001008
     7/599     6.63G   0.04251   0.02005  0.003249   0.06581       176       640    0.9369         1    0.9962    0.5252   0.02377   0.01968 0.0009855
     8/599     6.63G   0.04187    0.0202  0.003219   0.06529       180       640    0.9353         1    0.9961    0.5391   0.02384   0.01946 0.0009774
     9/599     6.63G   0.04234   0.01959  0.003187   0.06512       181       640    0.9413    0.9998    0.9962    0.5538   0.02264   0.01929 0.0009779
    10/599     6.63G   0.03969   0.01952  0.002843   0.06205       179       640    0.9495         1    0.9962    0.5452   0.02263   0.01921 0.0009807
    11/599     6.63G   0.04376   0.02028   0.00282   0.06685       247       640    0.9455    0.9998    0.9962    0.5505    0.0227   0.01905 0.0009916
    12/599     6.63G   0.04072   0.01936  0.002843   0.06293       203       640    0.9419         1    0.9963    0.5341   0.02367     0.019 0.0009989
    13/599     6.63G   0.03852   0.01888  0.002847   0.06025       180       640    0.9534    0.9999    0.9963    0.5479   0.02311   0.01905  0.001058
    14/599     6.63G   0.03899    0.0189  0.002712    0.0606       170       640    0.9626         1    0.9963    0.5348   0.02268   0.01901  0.001084
    15/599     6.63G   0.03882   0.01881  0.002743   0.06037       151       640    0.9574         1    0.9964    0.5185   0.02371   0.01905  0.001021
    16/599     6.63G   0.03679   0.01899  0.003102   0.05888       184       640    0.9479         1    0.9964    0.5113   0.02342   0.01901  0.000978
    17/599     6.63G    0.0381   0.02046  0.002641   0.06121       224       640    0.9597    0.9999    0.9965    0.5318    0.0234   0.01886  0.001022
    18/599     6.63G   0.03905    0.0199   0.00287   0.06182       185       640    0.9614         1    0.9963     0.517   0.02317   0.01889  0.001068
    19/599     6.63G   0.04041   0.01891  0.002802   0.06212       179       640    0.9714         1    0.9965    0.5111   0.02268   0.01875  0.001054
    20/599     6.63G   0.03752   0.01921  0.002683    0.0594       178       640    0.9715         1    0.9964    0.5516    0.0219   0.01873  0.001117
    21/599     6.63G   0.04083   0.01878   0.00287   0.06248       193       640    0.9762         1    0.9964    0.5333   0.02232   0.01864  0.001144
    22/599     6.63G   0.03986    0.0192  0.003116   0.06218       223       640    0.9551    0.9998    0.9964    0.5154   0.02384   0.01867  0.001033
    23/599     6.63G   0.04015   0.01952  0.002779   0.06245       230       640    0.9449         1    0.9964    0.4923   0.02539   0.01905 0.0009832
    24/599     6.63G   0.04009   0.01893  0.002869   0.06189       202       640    0.9484         1    0.9963    0.4747   0.02591    0.0192 0.0009935
    25/599     6.63G   0.03859   0.01855  0.002868   0.06001       168       640    0.9508    0.9997    0.9963    0.4933   0.02475   0.01895     0.001
    26/599     6.63G   0.04323   0.01803   0.00272   0.06398       161       640    0.9687         1    0.9964    0.5013   0.02416   0.01866  0.001036
    27/599     6.63G   0.04127   0.02078  0.002791   0.06484       203       640    0.9807         1    0.9964    0.5268   0.02305   0.01858  0.001032
    28/599     6.63G   0.03686   0.01884   0.00277   0.05847       184       640    0.9834         1    0.9964    0.5376   0.02271   0.01853  0.001062
    29/599     6.63G   0.03358   0.01948   0.00248   0.05554       244       640    0.9812         1    0.9963    0.5853   0.02113   0.01826  0.001086
    30/599     6.63G   0.03753   0.01999  0.002611   0.06013       203       640    0.9797         1    0.9964    0.5094   0.02325   0.01846  0.001122
    31/599     6.63G   0.04184   0.01804  0.002809   0.06269       165       640    0.9816         1    0.9963    0.5604   0.02218   0.01855  0.001058
    32/599     6.63G   0.04093   0.01937  0.002679   0.06298       215       640    0.9837         1    0.9964    0.5435   0.02255   0.01867  0.001057
    33/599     6.63G   0.03976    0.0185  0.002812   0.06108       178       640    0.9812         1    0.9964    0.5474   0.02204   0.01855 0.0009887
    34/599     6.63G   0.03993   0.01857   0.00281   0.06131       218       640    0.9833         1    0.9964    0.5288   0.02271   0.01867  0.001036
    35/599     6.63G   0.04079   0.01937  0.002966   0.06313       231       640    0.9698         1    0.9964     0.491   0.02524   0.01878  0.001064
    36/599     6.63G   0.03832   0.01903  0.002446   0.05979       238       640    0.9629         1    0.9963     0.498   0.02535   0.01903  0.001203
    37/599     6.63G   0.04204   0.02065  0.002737   0.06543       257       640    0.9633         1    0.9964    0.5041   0.02623   0.01927  0.001265
    38/599     6.63G   0.03623   0.01883  0.002938     0.058       182       640    0.9768         1    0.9963    0.4905   0.02536   0.01886  0.001186
    39/599     6.63G    0.0357   0.01839  0.002512    0.0566       176       640    0.9797         1    0.9964    0.5029   0.02474   0.01876  0.001113
    40/599     6.63G   0.03849   0.01877  0.002507   0.05977       253       640    0.9831         1    0.9965    0.4997   0.02354   0.01862  0.001065
    41/599     6.63G   0.03911   0.01987  0.002691   0.06167       182       640     0.986         1    0.9965    0.5411   0.02284   0.01864 0.0009725
    42/599     6.63G   0.04042   0.01897  0.002705   0.06209       173       640    0.9857         1    0.9964    0.5148   0.02297    0.0185 0.0009928
    43/599     6.63G   0.03869   0.01815  0.002715   0.05955       189       640    0.9886         1    0.9963    0.5467   0.02215   0.01851  0.001035
    44/599     6.63G   0.03683    0.0195  0.002743   0.05908       236       640    0.9868         1    0.9963    0.5656   0.02155   0.01849  0.001022
    45/599     6.63G   0.03956   0.01854  0.002625   0.06072       178       640    0.9858         1    0.9963    0.5542   0.02163   0.01849 0.0009715
    46/599     6.63G   0.03809   0.01918  0.002712   0.05998       228       640    0.9866         1    0.9963    0.5558   0.02117   0.01825  0.001101
    47/599     6.63G   0.03677    0.0182  0.002368   0.05734       176       640    0.9872         1    0.9964    0.5223   0.02244    0.0187  0.001203
    48/599     6.63G   0.03897   0.01842  0.002573   0.05997       172       640     0.988         1    0.9963    0.4639   0.02645   0.01882  0.001211
    49/599     6.63G   0.03905   0.01897  0.003064   0.06108       195       640    0.9878         1    0.9964    0.4429   0.02761   0.01909   0.00126
    50/599     6.63G   0.04053   0.01885  0.002794   0.06217       173       640    0.9863         1    0.9966    0.4465   0.02709   0.01877  0.001181
    51/599     6.63G   0.03832   0.01862  0.002673   0.05961       218       640    0.9884         1    0.9964    0.5127    0.0247   0.01875  0.001064
    52/599     6.63G   0.04222   0.01826  0.002782   0.06326       206       640    0.9866         1    0.9964    0.4483   0.02644   0.01883  0.001292
    53/599     6.63G    0.0361   0.01855  0.002642   0.05729       155       640    0.9879         1    0.9965    0.5234   0.02368   0.01834  0.001137
    54/599     6.63G   0.03934   0.01823  0.002939   0.06051       193       640    0.9855         1    0.9966    0.5386   0.02139   0.01823  0.001039
    55/599     6.63G   0.03575   0.01864  0.002922   0.05731       170       640    0.9808         1    0.9964    0.5441    0.0221   0.01838  0.001004
    56/599     6.63G   0.03951   0.01865  0.002587   0.06075       185       640    0.9696         1    0.9962    0.4862   0.02481   0.01867 0.0009839
    57/599     6.63G   0.03371   0.01873  0.002714   0.05516       219       640    0.9822         1    0.9964    0.5459   0.02188   0.01824 0.0009745
    58/599     6.63G   0.04031   0.01832  0.002602   0.06123       172       640    0.9862         1    0.9964     0.515   0.02397   0.01856  0.001073
    59/599     6.63G   0.03506   0.01834  0.002661   0.05606       235       640    0.9791         1    0.9966    0.5574   0.02159   0.01826  0.001048
    60/599     6.63G   0.03711   0.01892  0.002528   0.05856       184       640    0.9791         1    0.9962    0.4618   0.02648   0.01899  0.001054
    61/599     6.63G   0.03706     0.019  0.002499   0.05857       201       640    0.9841         1    0.9964    0.5391    0.0237   0.01838  0.001035
    62/599     6.63G   0.03812   0.01972  0.002528   0.06036       200       640    0.9819         1    0.9963    0.5753   0.02199   0.01869 0.0009834
    63/599     6.63G    0.0412   0.01872  0.002673   0.06259       151       640    0.9799         1    0.9962    0.4764   0.02687   0.01884  0.001228
    64/599     6.63G   0.03886   0.01846   0.00263   0.05995       174       640    0.9729         1    0.9961    0.4606   0.02677   0.01891  0.001403
    65/599     6.63G    0.0378   0.01805  0.002414   0.05826       170       640    0.9831         1    0.9963     0.536   0.02218   0.01857  0.001222
    66/599     6.63G    0.0366   0.01983  0.002736   0.05917       263       640    0.9813         1    0.9963    0.5565   0.02162   0.01823   0.00118
    67/599     6.63G   0.03826    0.0199  0.002752   0.06092       179       640    0.9845         1     0.996    0.4169   0.02825   0.01916  0.001273
    68/599     6.63G   0.03554   0.01816  0.002631   0.05634       217       640    0.9865         1    0.9961    0.5149   0.02359   0.01841  0.001147
    69/599     6.63G   0.03693    0.0175   0.00245   0.05687       155       640    0.9856         1    0.9963    0.5413    0.0208   0.01823  0.001116
    70/599     6.63G   0.03803   0.01858  0.002667   0.05927       158       640    0.9845    0.9999    0.9962    0.4836   0.02473   0.01876    0.0012
    71/599     6.63G   0.03734   0.01802   0.00252   0.05787       157       640    0.9828         1     0.996    0.4324   0.02794   0.01919  0.001277
    72/599     6.63G   0.03599   0.01784  0.002526   0.05635       176       640    0.9841         1    0.9962    0.5358   0.02235   0.01901  0.001099
    73/599     6.63G   0.03645   0.01901  0.002666   0.05812       200       640    0.9815         1    0.9962    0.5602   0.02091   0.01825  0.001102
    74/599     6.63G   0.03902   0.01905  0.002739   0.06081       179       640    0.9815         1    0.9963    0.5314   0.02189   0.01876 0.0009531
    75/599     6.63G   0.03686   0.01949  0.002583   0.05894       168       640    0.9854         1    0.9961    0.4953    0.0232   0.01909  0.001159
    76/599     6.63G   0.03832   0.01808  0.002616   0.05902       174       640    0.9843         1    0.9962    0.5373   0.02273   0.01854  0.001207
    77/599     6.63G   0.03777   0.01938  0.002693   0.05985       198       640    0.9859         1     0.996    0.4877   0.02474   0.01855  0.001347
    78/599     6.63G   0.03705   0.01719  0.002512   0.05675       179       640    0.9898         1    0.9961    0.5467    0.0223   0.01784  0.001247
    79/599     6.63G   0.03793   0.01826  0.002723   0.05892       203       640    0.9857         1    0.9961    0.5584   0.02149   0.01789  0.001102
    80/599     6.63G   0.03844   0.01903  0.002664   0.06014       204       640    0.9833         1    0.9963    0.5808   0.02075   0.01796  0.001135
    81/599     6.63G   0.03691   0.01869    0.0028    0.0584       184       640    0.9815         1     0.996    0.4564   0.02772   0.01887  0.001237
    82/599     6.63G   0.03252   0.01848  0.002574   0.05357       229       640    0.9782         1     0.996    0.5584   0.02355   0.01803  0.001436
    83/599     6.63G   0.04268   0.01859  0.002648   0.06392       184       640    0.9837    0.9998     0.996    0.4778   0.02632   0.01829   0.00137
    84/599     6.63G   0.03877   0.01794  0.002721   0.05943       212       640    0.9849         1     0.996    0.5481   0.02331   0.01807   0.00134
    85/599     6.63G   0.03757   0.01838  0.002554   0.05851       202       640    0.9822         1     0.996    0.5374   0.02301   0.01805  0.001176
    86/599     6.63G    0.0384   0.01786  0.002511   0.05877       196       640    0.9831         1    0.9959    0.5203   0.02398   0.01793  0.001157
    87/599     6.63G   0.03598   0.01857  0.002488   0.05704       188       640    0.9835         1     0.996    0.4585   0.02713   0.01868  0.001188
    88/599     6.63G   0.03499   0.01823  0.002594   0.05581       233       640    0.9801         1    0.9961    0.5395   0.02229   0.01817  0.001055
    89/599     6.63G   0.03546   0.01825  0.002493    0.0562       166       640    0.9858         1    0.9959    0.5103    0.0243   0.01871  0.001104
    90/599     6.63G   0.03836   0.01733  0.002863   0.05855       196       640    0.9884         1     0.996    0.5236   0.02338    0.0183  0.001137
    91/599     6.63G   0.03922   0.01889  0.002714   0.06082       217       640    0.9874    0.9998    0.9961    0.4829   0.02495   0.01892  0.001142
    92/599     6.63G   0.03758   0.01842  0.002655   0.05865       187       640    0.9841         1    0.9961    0.5611   0.02247   0.01818   0.00105
    93/599     6.63G   0.04006   0.01813  0.002656   0.06084       170       640    0.9889         1     0.996    0.4422   0.02701   0.01913  0.001119
    94/599     6.63G   0.03839   0.01812  0.002566   0.05907       202       640    0.9866         1    0.9959    0.5574   0.02205   0.01867 0.0009566
    95/599     6.63G   0.03682   0.01908  0.002772   0.05867       205       640    0.9883         1    0.9959     0.491   0.02526   0.01841  0.001086
    96/599     6.63G   0.03888   0.01804  0.002756   0.05967       162       640    0.9869         1     0.996    0.5434   0.02197   0.01852  0.001005
    97/599     6.63G   0.03683   0.01817  0.002835   0.05784       209       640    0.9771         1     0.996    0.5315   0.02239   0.01816  0.001085
    98/599     6.63G   0.03838   0.01799  0.002669   0.05904       182       640     0.982         1    0.9959    0.5007   0.02399   0.01837  0.000986
    99/599     6.63G   0.03465   0.01896  0.002745   0.05636       217       640    0.9849         1    0.9959    0.5335   0.02282   0.01812 0.0009088
   100/599     6.63G   0.03904   0.01899  0.002348   0.06038       152       640    0.9818         1    0.9959    0.4527   0.02734   0.01892 0.0009448
   101/599     6.63G   0.04808   0.01828  0.002679   0.06904       196       640    0.9801         1    0.9958    0.4255   0.03253   0.01966  0.001015
   102/599     6.63G   0.04652   0.01784  0.002573   0.06693       206       640    0.9833         1    0.9958    0.5701    0.0225   0.01831  0.001053
   103/599     6.63G   0.03988   0.01927  0.002894   0.06204       204       640    0.9846         1    0.9958    0.5255   0.02292   0.01811  0.001113
   104/599     6.63G   0.03884   0.01847  0.002713   0.06003       167       640    0.9867         1    0.9958     0.473   0.02436   0.01882  0.001235
   105/599     6.63G   0.04643   0.01752  0.002721   0.06666       141       640    0.9846         1    0.9958    0.5942   0.02274   0.01789  0.001048
   106/599     6.63G   0.04631   0.01927  0.002802   0.06838       186       640    0.9776         1    0.9958    0.5814   0.02133   0.01814  0.001081
   107/599     6.63G   0.04012   0.01861  0.003097   0.06182       169       640    0.9865         1    0.9957    0.5007   0.02415    0.0186  0.001263
   108/599     6.63G    0.0393    0.0184  0.002391    0.0601       211       640    0.9804         1    0.9958    0.5687   0.02057   0.01821  0.001134
   109/599     6.63G    0.0404   0.01904  0.002825   0.06226       211       640    0.9869         1    0.9958    0.5983    0.0206   0.01779  0.001135
   110/599     6.63G   0.03881   0.01931  0.002738   0.06086       237       640    0.9829         1    0.9957    0.5202   0.02559   0.01851  0.001256
   111/599     6.63G   0.04045   0.01792  0.002682   0.06105       180       640    0.9761         1    0.9957    0.4911   0.02564   0.01858  0.001389
   112/599     6.63G   0.03338   0.01849  0.002707   0.05457       191       640    0.9767    0.9999    0.9957    0.5067   0.02765   0.01866  0.001232
   113/599     6.63G   0.04617    0.0188  0.002968   0.06794       159       640    0.9361      0.96    0.9241    0.3433   0.03521   0.01939   0.00137
   114/599     6.63G   0.04514   0.01864  0.002764   0.06655       199       640    0.9779         1    0.9957    0.4726   0.02615   0.01857  0.001408
   115/599     6.63G   0.03961   0.01866  0.002768   0.06104       204       640     0.984         1    0.9958    0.4466   0.02858   0.01925  0.001347
   116/599     6.63G   0.04122   0.01783  0.002664   0.06172       165       640    0.9873         1    0.9958    0.4304   0.02917   0.01971  0.001524
   117/599     6.63G   0.04351    0.0182  0.003046   0.06476       208       640     0.983         1    0.9958    0.4043   0.03358   0.01997  0.001404
   118/599     6.63G   0.04382   0.01788  0.003006    0.0647       155       640    0.9481      0.96    0.9318    0.4872   0.02716   0.01895  0.001526
   119/599     6.63G   0.04095   0.01888  0.002817   0.06265       194       640    0.9477      0.96     0.924    0.4264   0.03288   0.01915  0.001528
   120/599     6.63G   0.04707    0.0192  0.003013   0.06929       184       640    0.9844         1    0.9957    0.5169   0.02498   0.01802  0.001355
   121/599     6.63G   0.03876   0.01947  0.002731   0.06097       222       640    0.9869         1    0.9958    0.5455   0.02311    0.0178  0.001322
   122/599     6.63G    0.0391   0.01799  0.002751   0.05984       199       640    0.9852         1    0.9958    0.5591   0.02352   0.01859  0.001056
   123/599     6.63G   0.04004   0.01846  0.002578   0.06108       228       640    0.9814         1    0.9958    0.5678    0.0246   0.01921  0.001072
   124/599     6.63G   0.04517   0.01959  0.003036   0.06779       235       640    0.9829         1    0.9957    0.5567   0.02167   0.01818   0.00124
   125/599     6.63G    0.0399   0.01804  0.002855    0.0608       165       640    0.9846         1    0.9957    0.5077    0.0249   0.01874  0.001301
   126/599     6.63G   0.03872   0.01767  0.002413    0.0588       142       640    0.9774         1    0.9957    0.5579   0.02324   0.01798  0.001306
   127/599     6.63G   0.04147   0.01776  0.002858   0.06209       157       640    0.9776         1    0.9958    0.4888   0.02923   0.01917  0.001316
   128/599     6.63G   0.04209   0.01964  0.002755   0.06449       156       640    0.9902         1    0.9957    0.4542   0.02803   0.01884  0.001505
   129/599     6.63G    0.0388   0.01837   0.00294   0.06011       189       640    0.9905         1    0.9958    0.4031   0.03111   0.01907   0.00152
   130/599     6.63G   0.04772   0.01962  0.002774   0.07011       199       640    0.9867         1    0.9957     0.525   0.02453   0.01839  0.001483
   131/599     6.63G   0.03939   0.01865  0.002992   0.06103       191       640    0.9873         1    0.9958    0.4684    0.0287   0.01872   0.00148
   132/599     6.63G   0.04145   0.01821   0.00296   0.06262       197       640    0.9854    0.9999    0.9957    0.4937   0.02546   0.01833  0.001248
   133/599     6.63G    0.0415   0.01813  0.002872   0.06251       194       640    0.9696      0.98    0.9581    0.4428   0.02874   0.01872  0.001119
   134/599     6.63G   0.04176   0.01828  0.004085   0.06412       182       640    0.9883         1    0.9958    0.5009   0.02407   0.01801  0.001109
   135/599     6.63G   0.03897   0.01806    0.0027   0.05973       189       640     0.988         1    0.9957    0.4894   0.02721   0.01861  0.001272
   136/599     6.63G   0.04019   0.01849  0.002991   0.06168       162       640    0.9917         1    0.9957    0.5546   0.02302   0.01799   0.00116
   137/599     6.63G   0.03721   0.01902  0.003041   0.05927       217       640     0.981         1    0.9957    0.4458   0.02842    0.0193  0.001754
   138/599     6.63G    0.0351   0.01935  0.002873   0.05732       198       640    0.9881         1    0.9957    0.5641   0.02236   0.01781  0.001124
   139/599     6.63G   0.03946   0.01736  0.002724   0.05954       187       640    0.9835         1    0.9957    0.5864   0.02276   0.01779  0.001164
   140/599     6.63G   0.03815   0.01747  0.002595   0.05822       152       640    0.9826         1    0.9957    0.5811   0.02126    0.0177  0.001184
   141/599     6.63G   0.03793   0.01857  0.002918   0.05942       218       640    0.9836         1    0.9957    0.5595   0.02235   0.01768  0.001231
   142/599     6.63G   0.03881   0.01879  0.002968   0.06057       186       640    0.9855         1    0.9957    0.5469   0.02299   0.01792  0.001447
   143/599     6.63G   0.03838    0.0186  0.002859   0.05984       190       640    0.9877         1    0.9957    0.5381   0.02437   0.01816  0.001448
   144/599     6.63G   0.04149   0.01881  0.002777   0.06307       229       640    0.9806         1    0.9957    0.4672   0.02631    0.0187  0.001709
   145/599     6.63G   0.03963   0.01965  0.002834   0.06211       239       640    0.9838         1    0.9957    0.4164    0.0296   0.01924  0.001755
   146/599     6.63G   0.03809    0.0186  0.002838   0.05953       206       640    0.9765         1    0.9957    0.5416   0.02319   0.01886  0.001243
   147/599     6.63G   0.03818   0.01903  0.002687    0.0599       221       640    0.9767         1    0.9957    0.4702   0.02705     0.019   0.00141
   148/599     6.63G   0.03947   0.01802  0.002618   0.06011       185       640    0.9705         1    0.9957    0.5611   0.02248   0.01828  0.001009
   149/599     6.63G   0.04124   0.01903  0.002891   0.06317       194       640    0.9785         1    0.9957    0.5164   0.02474   0.01897  0.001371
   150/599     6.63G   0.03958    0.0202  0.002827   0.06261       202       640    0.9799         1    0.9956     0.485   0.02658   0.01939  0.001342
   151/599     6.63G   0.03797   0.01865  0.002634   0.05925       188       640    0.9039      0.92    0.8734    0.3354   0.03132   0.02028  0.001427
   152/599     6.63G   0.03951   0.01856  0.002743   0.06081       192       640    0.9662         1    0.9956    0.5135   0.02377   0.01849  0.001149
   153/599     6.63G   0.04136   0.01892  0.002643   0.06292       157       640    0.9759         1    0.9957    0.4758    0.0261   0.01848  0.001178
   154/599     6.63G   0.03788    0.0184  0.002744   0.05903       162       640    0.9798         1    0.9956    0.5457   0.02275    0.0181  0.001284
   155/599     6.63G   0.04126   0.01854  0.002857   0.06266       159       640    0.9782         1    0.9957    0.5247   0.02488   0.01871  0.001187
   156/599     6.63G   0.04045   0.01877   0.00282   0.06204       190       640    0.9463      0.96    0.9239    0.4023   0.02883   0.01919  0.001464
   157/599     6.63G   0.03778   0.01891  0.002971   0.05966       215       640    0.9808         1    0.9956    0.4613   0.02915   0.01892   0.00127
   158/599     6.63G   0.03577   0.01865  0.002754   0.05717       213       640     0.984    0.9998    0.9956    0.5125   0.02572   0.01859  0.001272
   159/599     6.63G   0.04054   0.01781  0.002802   0.06116       158       640    0.9839         1    0.9956    0.4898   0.02745    0.0187    0.0013
   160/599     6.63G   0.03673   0.02059  0.002785   0.06011       248       640    0.9786         1    0.9957    0.5073   0.02377   0.01862  0.001226
   161/599     6.63G    0.0364   0.01847  0.002711   0.05758       227       640    0.9823         1    0.9956    0.4831    0.0269   0.01872  0.001416
   162/599     6.63G   0.03559   0.01906  0.002771   0.05742       207       640    0.9741         1    0.9956    0.5539   0.02262   0.01824  0.001251
   163/599     6.63G   0.03667    0.0177  0.002741   0.05711       194       640    0.9818         1    0.9957    0.5228   0.02484   0.01836  0.001194
   164/599     6.63G   0.03705   0.01865  0.002807   0.05851       191       640      0.98         1    0.9958     0.503   0.02492   0.01801  0.001225
   165/599     6.63G   0.03871   0.01916  0.003012   0.06088       180       640    0.9814         1    0.9958    0.4961   0.02479   0.01785  0.001363
   166/599     6.63G   0.03606   0.01881  0.002834    0.0577       203       640    0.9813         1    0.9957    0.5263    0.0237    0.0178  0.001354
   167/599     6.63G   0.03759   0.01861  0.002925   0.05913       191       640    0.9833         1    0.9957    0.4835   0.02628   0.01869  0.001524
   168/599     6.63G   0.03999   0.01889  0.002626    0.0615       189       640    0.9885         1    0.9956    0.4956   0.02568   0.01877   0.00159
   169/599     6.63G   0.04006   0.01929  0.002756    0.0621       202       640    0.9885    0.9998    0.9956    0.4977   0.02621   0.01876  0.001448
   170/599     6.63G   0.04073   0.01791  0.002727   0.06137       171       640    0.9905         1    0.9956    0.5227   0.02462   0.01825  0.001343
   171/599     6.63G   0.03856   0.01836  0.002658   0.05957       174       640    0.9887         1    0.9957    0.5284   0.02412   0.01804  0.001166
   172/599     6.63G   0.04054    0.0177  0.002771   0.06101       139       640    0.9823         1    0.9957    0.5534    0.0237   0.01807  0.001037
   173/599     6.63G   0.03808   0.01853  0.002886   0.05949       167       640    0.9735         1    0.9957    0.5434   0.02441   0.01854     0.001
   174/599     6.63G   0.04073   0.01824  0.002649   0.06162       180       640    0.9729         1    0.9957    0.5573   0.02312   0.01801  0.001076
   175/599     6.63G   0.03532   0.01805  0.002765   0.05613       186       640    0.9827         1    0.9958     0.546   0.02332   0.01784  0.001118
   176/599     6.63G   0.04059   0.01919  0.003033   0.06281       162       640    0.9921         1    0.9957    0.4715    0.0274   0.01846  0.001277
   177/599     6.63G    0.0392   0.01778  0.002884   0.05987       204       640     0.985         1    0.9957    0.4982   0.02629    0.0185  0.001345
   178/599     6.63G   0.04148   0.01975  0.002898   0.06413       196       640    0.9242    0.9998    0.9957    0.5034   0.02533   0.02061  0.001389
   179/599     6.63G   0.03486   0.01895  0.003119   0.05693       231       640    0.9481         1    0.9957    0.5207   0.02476   0.01967  0.001425
   180/599     6.63G   0.03877   0.01863  0.002871   0.06027       194       640    0.9894         1    0.9957      0.52   0.02479    0.0182  0.001348
   181/599     6.63G     0.037     0.019  0.002684   0.05868       161       640    0.9864         1    0.9957    0.4967   0.02586   0.01836  0.001322
   182/599     6.63G   0.03804   0.01796  0.002797    0.0588       203       640    0.9828         1    0.9957    0.5039   0.02579   0.01806  0.001305
   183/599     6.63G   0.03927   0.01855  0.002867   0.06069       157       640     0.985         1    0.9957     0.518   0.02525     0.018  0.001363
   184/599     6.63G   0.03688   0.01831  0.002725   0.05792       212       640    0.9804         1    0.9957    0.5465   0.02423   0.01778  0.001337
   185/599     6.63G    0.0382    0.0181  0.002644   0.05895       159       640    0.9789         1    0.9958    0.5208   0.02392   0.01821  0.001194
   186/599     6.63G   0.03606   0.01883  0.002674   0.05757       192       640    0.9796         1    0.9957    0.5815   0.02175   0.01798  0.001241
   187/599     6.63G   0.03679   0.01841  0.002605    0.0578       172       640    0.9857         1    0.9957    0.5327   0.02201   0.01792  0.001526
   188/599     6.63G   0.03971   0.01853  0.002959   0.06121       249       640    0.9844         1    0.9957     0.561   0.02113   0.01785  0.001498
   189/599     6.63G   0.03737    0.0186  0.002925    0.0589       213       640    0.9855         1    0.9957    0.5685   0.02166   0.01831  0.001395
   190/599     6.63G   0.03425   0.01765  0.002689   0.05459       161       640    0.9772         1    0.9957    0.5721   0.02135   0.01826  0.001159
   191/599     6.63G   0.03892   0.01813  0.002685   0.05974       173       640     0.969         1    0.9957    0.5475   0.02274   0.01824  0.001113
   192/599     6.63G   0.03892   0.01893   0.00265    0.0605       197       640    0.9664         1    0.9957    0.5494    0.0225   0.01787  0.001136
   193/599     6.63G   0.03809   0.01832  0.002681   0.05908       173       640    0.9658         1    0.9957    0.5569   0.02193    0.0178  0.001148
   194/599     6.63G   0.03896   0.01888  0.002851   0.06069       156       640    0.9742         1    0.9957     0.572   0.02177   0.01765  0.001127
   195/599     6.63G   0.03961   0.01789  0.002731   0.06023       180       640    0.9757         1    0.9958    0.5887   0.02086   0.01771  0.001232
   196/599     6.63G   0.03803   0.01919   0.00289   0.06011       178       640    0.9739         1    0.9957    0.5168   0.02409   0.01824  0.001112
   197/599     6.63G   0.03418   0.01785  0.002758   0.05479       188       640    0.9826         1    0.9958    0.5092   0.02326    0.0182    0.0012
   198/599     6.63G   0.03621   0.01909  0.003209   0.05851       181       640    0.9839         1    0.9957    0.5234    0.0232   0.01828  0.001547
   199/599     6.63G   0.03588   0.01885  0.002663   0.05739       248       640    0.9839         1    0.9958    0.5317   0.02326   0.01785   0.00148
   200/599     6.63G   0.03615   0.01795  0.002539   0.05664       219       640    0.9826         1    0.9958    0.5183   0.02334   0.01813  0.001766
   201/599     6.63G   0.03931    0.0198  0.002895     0.062       204       640    0.9548         1    0.9957    0.5288   0.02365   0.02015  0.002017
   202/599     6.63G   0.03734   0.01833  0.002829   0.05851       166       640    0.9362    0.9999    0.9957    0.5139   0.02482   0.02014  0.002481
   203/599     6.63G   0.03466   0.01866  0.002763   0.05609       161       640    0.9526         1    0.9957    0.4692   0.02638   0.01958  0.002543
   204/599     6.63G   0.03694   0.01865  0.002731   0.05832       212       640    0.9818         1    0.9958    0.4905    0.0247   0.01872  0.002177
   205/599     6.63G   0.03742   0.01827  0.002583   0.05828       153       640    0.9892         1    0.9957     0.542    0.0224    0.0182   0.00197
   206/599     6.63G   0.03881   0.01821  0.002745   0.05977       184       640     0.989         1    0.9956    0.5694    0.0223   0.01748  0.001747
   207/599     6.63G   0.03839   0.01812  0.002736   0.05925       172       640    0.9866         1    0.9957     0.582   0.02111   0.01707  0.001407
   208/599     6.63G   0.03793   0.01853  0.002812   0.05926       171       640    0.9852         1    0.9957    0.5678   0.02276   0.01787  0.001482
   209/599     6.63G   0.03427   0.01802  0.002668   0.05496       174       640    0.9864         1    0.9956    0.5284   0.02282   0.01817  0.001462
   210/599     6.63G   0.03864   0.01864  0.002731   0.06001       179       640    0.9898         1    0.9957    0.4749    0.0254   0.01911  0.001436
   211/599     6.63G   0.04017   0.01822  0.002712   0.06111       178       640    0.9904         1    0.9956    0.4902   0.02697   0.01937   0.00148
   212/599     6.63G   0.03778   0.01864  0.002724   0.05914       175       640    0.9912         1    0.9957    0.4686   0.02622   0.01896  0.001297
   213/599     6.63G   0.03429   0.01803  0.002899   0.05522       235       640    0.9926    0.9999    0.9956    0.4917   0.02598   0.01863  0.001307
   214/599     6.63G   0.03687   0.01877  0.002696   0.05833       216       640    0.9927         1    0.9957    0.5549   0.02274   0.01814  0.001145
   215/599     6.63G   0.03794   0.01809  0.003045   0.05908       178       640     0.995         1    0.9957    0.5447   0.02299    0.0182  0.001206
   216/599     6.63G   0.03695     0.019  0.003013   0.05896       197       640    0.9862         1    0.9956    0.4848   0.02652   0.01903  0.001275
   217/599     6.63G   0.03435   0.01707  0.002933   0.05436       158       640    0.9733         1    0.9956    0.4924   0.02535    0.0191  0.001046
   218/599     6.63G   0.03747   0.01767  0.002741   0.05788       147       640     0.978         1    0.9956    0.4856   0.02656    0.0187  0.001128
   219/599     6.63G   0.03959   0.01738  0.002844   0.05981       165       640    0.9811         1    0.9957    0.5006   0.02467   0.01861  0.001045
   220/599     6.63G   0.03597   0.01887  0.002797   0.05764       170       640     0.983         1    0.9957    0.4668   0.02722   0.01879  0.001073
   221/599     6.63G   0.03056   0.01753  0.002763   0.05086       190       640    0.9843         1    0.9956    0.5108   0.02453   0.01926 0.0009702
   222/599     6.63G   0.04039   0.01856  0.002702   0.06165       156       640    0.9814         1    0.9956    0.5036   0.02651   0.01884 0.0009513
   223/599     6.63G   0.04169   0.01829  0.002761   0.06274       185       640    0.9378      0.96    0.9239    0.4195   0.02932   0.01925  0.001143
   224/599     6.63G   0.04172   0.01774  0.002703   0.06216       181       640    0.9706         1    0.9956    0.4848   0.02702   0.01934  0.001271
   225/599     6.63G   0.03726   0.01828  0.002654   0.05819       197       640    0.9732         1    0.9957    0.4765   0.02711   0.01929   0.00126
   226/599     6.63G   0.03609    0.0186  0.002933   0.05762       214       640    0.9806         1    0.9956    0.4884   0.02605   0.01902  0.001331
   227/599     6.63G   0.04225   0.01845   0.00282   0.06352       180       640    0.9831    0.9999    0.9956    0.5147   0.02468   0.01849  0.001345
   228/599     6.63G   0.03894   0.01833  0.002886   0.06015       176       640     0.988         1    0.9956    0.4719   0.02642   0.01882  0.001467
   229/599     6.63G   0.03758   0.01853  0.002793    0.0589       198       640     0.991         1    0.9956    0.5087   0.02435   0.01841  0.001403
   230/599     6.63G    0.0361   0.01887  0.002909   0.05787       200       640    0.9894         1    0.9957    0.4732   0.02404   0.01823  0.001413
   231/599     6.63G   0.03895   0.01828  0.002752   0.05998       195       640    0.9874         1    0.9957    0.5188   0.02321   0.01807  0.001321
   232/599     6.63G   0.03775   0.01878  0.002716   0.05924       191       640    0.9894         1    0.9957    0.5422   0.02287   0.01777  0.001249
   233/599     6.63G   0.03711    0.0188  0.002771   0.05867       221       640     0.989         1    0.9957    0.5688   0.02122   0.01752  0.001294
   234/599     6.63G   0.03709   0.01996  0.002588   0.05964       189       640    0.9877         1    0.9957    0.5328   0.02344   0.01823  0.001182
   235/599     6.63G   0.03595   0.01796  0.002543   0.05645       177       640    0.9827         1    0.9957    0.5344   0.02286   0.01831  0.001247
   236/599     6.63G   0.03851   0.01883  0.004077   0.06142       200       640      0.96         1    0.9957    0.5345   0.02363   0.01884  0.001242
   237/599     6.63G   0.03526   0.01843  0.002578   0.05627       172       640    0.9512         1    0.9957    0.5076   0.02394   0.01972  0.001329
   238/599     6.63G    0.0366   0.01832  0.002977    0.0579       186       640    0.9812         1    0.9956    0.4611   0.02586   0.01826  0.001386
   239/599     6.63G   0.03415   0.01827  0.002809   0.05523       172       640     0.987    0.9998    0.9957    0.5962   0.02162   0.01744  0.001226
   240/599     6.63G   0.03485   0.01839    0.0025   0.05575       201       640    0.9837         1    0.9957    0.5547   0.02258   0.01784  0.001159
   241/599     6.63G   0.03432   0.01755  0.002728   0.05459       187       640    0.9909         1    0.9957    0.4395   0.02677   0.01861  0.001407
   242/599     6.63G   0.03525   0.01734  0.002582   0.05517       143       640    0.9489      0.96    0.9239    0.4377   0.02857   0.01936   0.00151
   243/599     6.63G   0.03393   0.01704  0.002527    0.0535       159       640    0.9882         1    0.9956    0.4564    0.0274    0.0193  0.001483
   244/599     6.63G   0.03395   0.01732  0.002549   0.05382       187       640    0.9819         1    0.9956    0.4593   0.02837   0.01965  0.001538
   245/599     6.63G   0.03459   0.01809  0.002599   0.05528       206       640    0.9749         1    0.9957    0.5181   0.02325   0.01839  0.001228
   246/599     6.63G   0.03478   0.01762  0.002568   0.05496       215       640    0.9791         1    0.9957    0.5474   0.02241   0.01818  0.001277
   247/599     6.63G    0.0365   0.01822   0.00268    0.0574       180       640    0.9849         1    0.9956    0.4661   0.02625   0.01916  0.001517
   248/599     6.63G   0.03886   0.01939  0.002754   0.06101       215       640    0.9456      0.96    0.9239    0.4455   0.02798   0.01927  0.001479
   249/599     6.63G   0.03979   0.01875  0.002619   0.06115       185       640    0.9824         1    0.9956    0.4979   0.02588   0.01895  0.001297
   250/599     6.63G   0.03568   0.01834   0.00245   0.05647       222       640    0.9832         1    0.9956    0.4601   0.02616   0.01884  0.001425
   251/599     6.63G   0.03363   0.01819  0.002589    0.0544       186       640    0.9903         1    0.9956    0.4797   0.02735   0.01892  0.001454
   252/599     6.63G   0.03717   0.01779  0.002663   0.05762       174       640    0.9945         1    0.9955    0.4829   0.02721   0.01911  0.001596
   253/599     6.63G   0.03724    0.0184   0.00298   0.05862       179       640    0.9903         1    0.9956    0.4093   0.02979   0.01974   0.00161
   254/599     6.63G   0.03951   0.01876    0.0027   0.06097       200       640    0.9919         1    0.9957    0.4186   0.02914   0.01965  0.001457
   255/599     6.63G    0.0371   0.01825  0.002977   0.05832       162       640    0.9507      0.96    0.9317     0.406     0.029   0.01925  0.001458
   256/599     6.63G   0.03678     0.018   0.00243   0.05721       156       640    0.9816         1    0.9957    0.4671   0.02664   0.01854  0.001295
   257/599     6.63G   0.03695   0.01934  0.002711     0.059       219       640     0.983         1    0.9956    0.5422   0.02255   0.01795  0.001279
   258/599     6.63G   0.03814   0.01878  0.002627   0.05954       206       640    0.9835         1    0.9956    0.5662   0.02208    0.0178  0.001309
   259/599     6.63G   0.03297   0.01879   0.00266   0.05442       200       640    0.9901         1    0.9957    0.5348   0.02163    0.0177  0.001176
   260/599     6.63G   0.03811   0.01829  0.002621   0.05902       191       640      0.99         1    0.9957    0.4504    0.0271   0.01865  0.001189
   261/599     6.63G   0.03587    0.0191  0.002817   0.05778       149       640    0.9914         1    0.9957    0.5061   0.02597   0.01853  0.001038
   262/599     6.63G    0.0313   0.01809   0.00255   0.05194       206       640    0.9865         1    0.9958    0.5175   0.02417   0.01823 0.0009751
   263/599     6.63G   0.03544   0.01686  0.002593   0.05489       177       640    0.9921         1    0.9957    0.4566   0.02716   0.01838  0.001101
   264/599     6.63G    0.0385   0.01869  0.002865   0.06005       175       640    0.9873         1    0.9957    0.5158   0.02516   0.01785  0.001273
   265/599     6.63G   0.03616   0.01826   0.00282   0.05724       238       640     0.989         1    0.9957    0.4111   0.02957    0.0191  0.001432
   266/599     6.63G   0.03079   0.01871    0.0027   0.05219       249       640    0.9819         1    0.9956    0.5262   0.02428   0.01785  0.001407
   267/599     6.63G   0.03513     0.019  0.002875   0.05701       207       640    0.9833         1    0.9956    0.5676   0.02336   0.01788   0.00131
   268/599     6.63G   0.03431    0.0189  0.002525   0.05573       164       640    0.9873         1    0.9956     0.511   0.02544    0.0182   0.00122
   269/599     6.63G   0.03503   0.01873  0.002636   0.05639       194       640    0.9891         1    0.9957    0.5771   0.02155   0.01761  0.001022
   270/599     6.63G   0.03458   0.01828  0.002445    0.0553       196       640    0.9865         1    0.9958    0.5744   0.02147   0.01808  0.001242
   271/599     6.63G   0.03471   0.01849  0.002721   0.05592       205       640    0.9909         1    0.9957    0.5443   0.02339    0.0178  0.001164
   272/599     6.63G   0.03025    0.0177    0.0024   0.05036       218       640    0.9924         1    0.9957     0.468    0.0271   0.01862  0.001252
   273/599     6.63G    0.0347   0.01812  0.002747   0.05556       201       640     0.994         1    0.9957    0.4604   0.02782   0.01866  0.001216
   274/599     6.63G   0.03367   0.01801  0.002487   0.05417       154       640    0.9896         1    0.9957    0.5368   0.02219   0.01826  0.001057
   275/599     6.63G   0.03473   0.01897  0.002661   0.05637       198       640     0.987         1    0.9956    0.5603   0.02179    0.0182  0.001058
   276/599     6.63G   0.03558   0.01704  0.002542   0.05517       191       640    0.9802         1    0.9956    0.5694   0.02215   0.01776  0.001103
   277/599     6.63G   0.03515   0.01716  0.002651   0.05496       195       640    0.9847         1    0.9957     0.472   0.02542   0.01845  0.001449
   278/599     6.63G   0.03415   0.01832  0.002828   0.05529       263       640    0.9851         1    0.9957    0.4927   0.02477   0.01805  0.001422
   279/599     6.63G   0.03409   0.01852   0.00284   0.05544       200       640    0.9916         1    0.9956    0.4267   0.02795   0.01936  0.001591
   280/599     6.63G   0.03588   0.01793  0.002777   0.05659       185       640    0.9845         1    0.9957    0.4532   0.02629   0.01872  0.001533
   281/599     6.63G   0.03699   0.01868  0.002896   0.05857       199       640     0.985         1    0.9957    0.5315   0.02241   0.01837  0.001518
   282/599     6.63G   0.03177    0.0168  0.002448   0.05102       198       640    0.9857         1    0.9958    0.5396   0.02298   0.01859  0.001647
   283/599     6.63G   0.03517   0.01783  0.002636   0.05564       191       640    0.9857         1    0.9958     0.511   0.02499   0.01835  0.001409
   284/599     6.63G   0.03473   0.01739  0.002796   0.05492       167       640    0.9896         1    0.9958    0.5324   0.02211   0.01768  0.001263
   285/599     6.63G    0.0324   0.01886  0.002526   0.05379       235       640    0.9921         1    0.9957    0.5418   0.02269   0.01777  0.001233
   286/599     6.63G   0.03217    0.0191  0.002571   0.05383       212       640    0.9932         1    0.9957    0.4807   0.02609   0.01846  0.001228
   287/599     6.63G   0.03372   0.01759  0.002559   0.05387       181       640    0.9897         1    0.9957    0.5024   0.02523   0.01793    0.0012
   288/599     6.63G    0.0366   0.01724  0.002465   0.05631       193       640    0.9862         1    0.9957    0.5209   0.02373   0.01757  0.001133
   289/599     6.63G   0.03262   0.01743  0.002605   0.05266       202       640    0.9874         1    0.9957    0.4498   0.02651   0.01842  0.001228
   290/599     6.63G   0.03361    0.0178  0.002643   0.05406       187       640    0.9872         1    0.9957    0.4739   0.02545   0.01823  0.001205
   291/599     6.63G   0.03384   0.01725   0.00257   0.05366       180       640    0.9881         1    0.9957    0.4666   0.02662   0.01852  0.001246
   292/599     6.63G   0.03178   0.01792  0.002746   0.05245       260       640    0.9912         1    0.9957    0.4618   0.02758   0.01888  0.001292
   293/599     6.63G   0.03473   0.01775  0.002596   0.05507       196       640    0.9902         1    0.9957    0.4342   0.02905   0.01945  0.001363
   294/599     6.63G   0.03201   0.01813  0.002718   0.05286       193       640    0.9867         1    0.9956    0.4983   0.02621   0.01845  0.001305
   295/599     6.63G   0.03401   0.01784  0.002867   0.05472       173       640    0.9852         1    0.9957    0.5052   0.02477   0.01898  0.001193
   296/599     6.63G   0.03147   0.01797  0.002502   0.05194       160       640    0.9334      0.96     0.924    0.4604   0.02774   0.01888  0.001348
   297/599     6.63G   0.03419   0.01843  0.002567   0.05519       199       640    0.9407      0.96     0.924    0.4603   0.02622   0.01882  0.001341
   298/599     6.63G   0.03345   0.01771  0.003052   0.05422       224       640    0.9423      0.96     0.924    0.4577   0.02752   0.01904  0.001442
   299/599     6.63G   0.03524   0.01695  0.002705    0.0549       179       640    0.9832         1    0.9957    0.4622   0.02703    0.0189  0.001407
   300/599     6.63G   0.03417   0.01748  0.002665   0.05432       195       640    0.9846         1    0.9956     0.443   0.02693   0.01859  0.001296
   301/599     6.63G   0.03359   0.01812  0.002685    0.0544       228       640    0.9459      0.96    0.9296    0.3978   0.02937   0.01913   0.00135
   302/599     6.63G   0.03122   0.01786  0.002637   0.05172       166       640    0.9836         1    0.9957    0.4088   0.02867   0.01937  0.001416
   303/599     6.63G   0.03324   0.01695  0.002366   0.05256       174       640    0.9436      0.96    0.9276    0.4701    0.0258   0.01849  0.001382
   304/599     6.63G     0.036   0.01826  0.002562   0.05682       179       640    0.9858         1    0.9956    0.4931   0.02606    0.0185  0.001186
   305/599     6.63G   0.03383   0.01782  0.002365   0.05402       179       640    0.9869         1    0.9956    0.5044   0.02587    0.0185  0.001174
   306/599     6.63G   0.03179   0.01727  0.002726   0.05179       188       640    0.9829         1    0.9957    0.5013   0.02521   0.01858  0.001184
   307/599     6.63G   0.03499   0.01763  0.002567   0.05519       216       640    0.9775         1    0.9957    0.4679   0.02725   0.01918  0.001256
   308/599     6.63G   0.03498   0.01813  0.002595    0.0557       152       640    0.9744         1    0.9957    0.4783   0.02771   0.01938  0.001498
   309/599     6.63G   0.03337   0.01712  0.002912    0.0534       196       640    0.9365      0.96     0.924    0.4441    0.0286   0.01944  0.001429
   310/599     6.63G   0.03452   0.01723  0.002582   0.05433       179       640    0.9804         1    0.9957    0.5019   0.02616   0.01875  0.001364
   311/599     6.63G   0.03414   0.01728  0.002379   0.05381       159       640    0.9833         1    0.9957    0.5211   0.02435   0.01811   0.00132
   312/599     6.63G   0.03446   0.01839  0.002418   0.05527       248       640    0.9892         1    0.9957    0.5262   0.02423    0.0181  0.001315
   313/599     6.63G   0.03114   0.01633  0.002385   0.04985       162       640    0.9902         1    0.9958    0.5072   0.02487   0.01854  0.001192
   314/599     6.63G   0.03304   0.01856  0.002489   0.05409       190       640    0.9878         1    0.9957    0.5389   0.02253   0.01831  0.001175
   315/599     6.63G   0.03278    0.0171  0.002483   0.05237       179       640    0.9863         1    0.9957    0.5711   0.02171   0.01818  0.001254
   316/599     6.63G   0.03514   0.01693   0.00242    0.0545       165       640    0.9819         1    0.9957    0.5589   0.02234   0.01851  0.001668
   317/599     6.63G   0.03427    0.0175  0.002446   0.05422       181       640    0.9865         1    0.9958    0.5369   0.02242   0.01839  0.001211
   318/599     6.63G   0.03462    0.0173  0.002352   0.05427       138       640    0.9854         1    0.9957    0.5588   0.02146   0.01816   0.00109
   319/599     6.63G   0.03388   0.01796  0.002525   0.05436       214       640    0.9892         1    0.9956    0.5497   0.02434   0.01821  0.001078
   320/599     6.63G   0.03236   0.01742  0.002519    0.0523       171       640    0.9792         1    0.9957    0.5433   0.02304   0.01841  0.001173
   321/599     6.63G   0.03215   0.01658  0.002545   0.05128       164       640    0.9806         1    0.9957    0.5312   0.02364   0.01863  0.001237
   322/599     6.63G   0.03335   0.01721  0.002552   0.05311       193       640    0.9798         1    0.9957    0.5365   0.02343   0.01847  0.001357
   323/599     6.63G   0.03182   0.01794  0.002434   0.05219       203       640    0.9777         1    0.9958    0.5622   0.02301    0.0183   0.00117
   324/599     6.63G   0.03252    0.0176  0.002674    0.0528       189       640     0.982         1    0.9958    0.4661   0.02708   0.01934  0.001152
   325/599     6.63G    0.0329   0.01788  0.002629   0.05341       188       640    0.9844         1    0.9957     0.465   0.02728   0.01937  0.001205
   326/599     6.63G   0.03137   0.01757  0.002656    0.0516       171       640    0.9823         1    0.9957    0.4771   0.02667   0.01916  0.001266
   327/599     6.63G   0.03338   0.01732  0.002517   0.05322       180       640    0.9835         1    0.9957    0.4698    0.0266   0.01904   0.00129
   328/599     6.63G   0.03137   0.01845   0.00256   0.05238       155       640    0.9893         1    0.9957    0.4662   0.02655   0.01882  0.001327
   329/599     6.63G   0.03327   0.01734  0.002457   0.05306       177       640    0.9927         1    0.9957    0.4266   0.02816   0.01931  0.001375
   330/599     6.63G   0.03349   0.01721  0.002619   0.05332       221       640    0.9906         1    0.9957    0.4367    0.0288   0.01927  0.001332
   331/599     6.63G   0.03287   0.01757  0.002251   0.05269       177       640    0.9882    0.9998    0.9956    0.4705   0.02564   0.01855  0.001139
   332/599     6.63G   0.03069   0.01763  0.002374    0.0507       173       640     0.986         1    0.9956    0.4964   0.02597   0.01873  0.001146
   333/599     6.63G   0.03176   0.01821   0.00251   0.05248       195       640    0.9805         1    0.9958    0.5643   0.02176   0.01761  0.001175
   334/599     6.63G   0.03468   0.01832  0.002522   0.05551       224       640     0.985         1    0.9957    0.5652    0.0226   0.01779  0.001133
   335/599     6.63G   0.03289   0.01671  0.002648   0.05226       209       640    0.9816         1    0.9957    0.6047   0.02111   0.01788  0.001345
   336/599     6.63G   0.03255   0.01703  0.002428     0.052       179       640    0.9802         1    0.9957    0.5769   0.02185   0.01823  0.001322
   337/599     6.63G    0.0337    0.0183  0.002647   0.05464       184       640     0.986         1    0.9957     0.533   0.02425   0.01855  0.001215
   338/599     6.63G   0.03298   0.01758  0.002784   0.05335       189       640    0.9867         1    0.9956    0.4852    0.0251   0.01873  0.001209
   339/599     6.63G   0.03265   0.01665  0.002537   0.05184       170       640    0.9791         1    0.9957      0.54   0.02331   0.01822  0.001061
   340/599     6.63G   0.03206   0.01892  0.002556   0.05354       226       640    0.9872         1    0.9957    0.4583   0.02598   0.01894  0.001241
   341/599     6.63G   0.03147   0.01795  0.002554   0.05198       210       640    0.9873         1    0.9957    0.5091   0.02512    0.0185  0.001118
   342/599     6.63G   0.03124   0.01709  0.002356   0.05069       170       640    0.9834    0.9998    0.9958    0.5323   0.02375   0.01811  0.001026
   343/599     6.63G   0.03392   0.01793  0.002703   0.05455       215       640    0.9822         1    0.9958    0.5331   0.02345   0.01799  0.001006
   344/599     6.63G   0.03406   0.01774  0.002544   0.05434       206       640    0.9834         1    0.9958    0.5772   0.02202   0.01792  0.001025
   345/599     6.63G   0.03241     0.017  0.002463   0.05187       151       640    0.9848         1    0.9958     0.606   0.02155   0.01786  0.001034
   346/599     6.63G   0.03487   0.01764  0.002678   0.05519       164       640    0.9863         1    0.9958    0.5334   0.02349   0.01843  0.001212
   347/599     6.63G   0.03123   0.01719  0.002635   0.05105       142       640    0.9852         1    0.9958    0.5313   0.02382   0.01845  0.001318
   348/599     6.63G   0.03294   0.01778  0.002497   0.05322       235       640    0.9836         1    0.9958    0.5313   0.02397   0.01835  0.001228
   349/599     6.63G   0.03169    0.0185  0.002645   0.05284       225       640    0.9896         1    0.9958    0.4267   0.02759   0.01929  0.001333
   350/599     6.63G   0.03275   0.01586  0.002375   0.05098       203       640    0.9836         1    0.9959    0.4976   0.02405   0.01856    0.0013
   351/599     6.63G   0.03188   0.01707  0.002435   0.05138       161       640    0.9842         1    0.9958    0.5019   0.02376   0.01873  0.001179
   352/599     6.63G   0.03285   0.01767  0.002576   0.05309       194       640    0.9849         1    0.9958     0.541   0.02253   0.01811  0.001065
   353/599     6.63G   0.03199   0.01861  0.002674   0.05327       180       640    0.9866         1    0.9957     0.538   0.02271   0.01815  0.001035
   354/599     6.63G   0.03082   0.01744  0.002348   0.05061       199       640    0.9892         1    0.9957    0.4764   0.02743   0.01942  0.001437
   355/599     6.63G    0.0319    0.0169  0.002368   0.05116       218       640    0.9846         1    0.9958    0.5219   0.02322   0.01821  0.001018
   356/599     6.63G   0.03311   0.01724  0.002468   0.05282       192       640    0.9795         1    0.9958    0.5354   0.02323   0.01814   0.00105
   357/599     6.63G   0.03186   0.01755  0.002584   0.05199       180       640    0.9812         1    0.9957    0.5384    0.0228   0.01793  0.001075
   358/599     6.63G   0.03045   0.01748  0.002551   0.05048       206       640    0.9798         1    0.9958    0.5231   0.02308   0.01863  0.001072
   359/599     6.63G   0.03259   0.01628  0.002405   0.05127       182       640    0.9781         1    0.9957    0.5207   0.02414   0.01837  0.001164
   360/599     6.63G   0.03088   0.01734  0.002543   0.05076       185       640    0.9382      0.96    0.9318    0.4561   0.02756   0.01924  0.001581
   361/599     6.63G   0.03023   0.01683  0.002295   0.04936       199       640     0.976         1    0.9957    0.5175   0.02627   0.01885  0.001498
   362/599     6.63G    0.0331   0.01743  0.002218   0.05274       187       640    0.9792         1    0.9958    0.5001   0.02663   0.01866  0.001387
   363/599     6.63G   0.03215   0.01686   0.00259    0.0516       193       640    0.9722         1    0.9957    0.4948   0.02525   0.01817  0.001214
   364/599     6.63G   0.03559   0.01676  0.002399   0.05474       198       640    0.9785         1    0.9958    0.5133   0.02323   0.01826  0.001258
   365/599     6.63G   0.03289   0.01691  0.002312   0.05211       172       640    0.9775    0.9998    0.9958    0.5663   0.02182   0.01727  0.001149
   366/599     6.63G   0.03279   0.01706  0.002353    0.0522       205       640    0.9766         1    0.9958    0.5874    0.0217   0.01705  0.001109
   367/599     6.63G   0.03278   0.01864  0.002599   0.05401       187       640    0.9775    0.9999    0.9957     0.565   0.02266   0.01742  0.001136
   368/599     6.63G   0.03337   0.01864    0.0027   0.05472       240       640    0.9858         1    0.9957    0.5487   0.02316   0.01778  0.001269
   369/599     6.63G   0.03023   0.01673  0.002601   0.04957       175       640    0.9808         1    0.9958    0.5573   0.02204   0.01809  0.001151
   370/599     6.63G   0.03206   0.01713  0.002517    0.0517       202       640    0.9809         1    0.9957    0.5838   0.02168   0.01765   0.00111
   371/599     6.63G   0.03219   0.01737   0.00246   0.05202       205       640    0.9819         1    0.9958      0.57   0.02144   0.01754  0.001137
   372/599     6.63G   0.03033     0.017  0.002468    0.0498       210       640    0.9897         1    0.9957     0.462   0.02652   0.01871  0.001464
   373/599     6.63G   0.03276   0.01655  0.002562   0.05188       160       640    0.9881         1    0.9957    0.5157   0.02408   0.01793  0.001233
   374/599     6.63G   0.03096   0.01687  0.002504   0.05033       199       640    0.9857         1    0.9958    0.4931   0.02584   0.01853  0.001289
   375/599     6.63G   0.03054    0.0174  0.002674   0.05062       228       640    0.9812         1    0.9958     0.511     0.024   0.01794  0.001041
   376/599     6.63G   0.03382   0.01839  0.003282   0.05549       206       640    0.9807         1    0.9959    0.5434   0.02216    0.0183  0.001099
   377/599     6.63G   0.02929   0.01672  0.002323   0.04833       191       640    0.9844         1    0.9958    0.5515   0.02254   0.01823  0.001081
   378/599     6.63G   0.03081    0.0178  0.002695   0.05131       212       640    0.9877         1    0.9958    0.5282   0.02349   0.01783   0.00111
   379/599     6.63G   0.03025   0.01721  0.002398   0.04986       236       640    0.9864         1    0.9957    0.4698   0.02596   0.01852  0.001232
   380/599     6.63G   0.02997    0.0168  0.002669   0.04944       223       640      0.99         1    0.9957    0.5411    0.0228   0.01827  0.001024
   381/599     6.63G   0.03126   0.01712  0.002706   0.05108       193       640    0.9874         1    0.9957    0.5298   0.02208   0.01805  0.001041
   382/599     6.63G   0.03312   0.01735  0.002452   0.05292       132       640    0.9853         1    0.9958    0.5285   0.02294   0.01832  0.001077
   383/599     6.63G   0.03132   0.01646  0.002552   0.05033       182       640     0.984         1    0.9958    0.5298   0.02296   0.01832  0.001095
   384/599     6.63G   0.03244   0.01725  0.002282   0.05197       194       640    0.9815         1    0.9958    0.5566   0.02198   0.01812  0.001082
   385/599     6.63G   0.02972   0.01724  0.002407   0.04936       208       640    0.9836         1    0.9957    0.5269   0.02372   0.01837  0.001062
   386/599     6.63G     0.032   0.01683  0.002443   0.05127       187       640    0.9849         1    0.9957    0.4832   0.02631   0.01917  0.001349
   387/599     6.63G   0.03063   0.01592  0.002236   0.04879       183       640     0.986         1    0.9957    0.4733   0.02671   0.01916  0.001371
   388/599     6.63G   0.03276   0.01598  0.002468   0.05121       176       640    0.9845         1    0.9957    0.5286    0.0233    0.0181  0.001123
   389/599     6.63G   0.03082   0.01709  0.002551   0.05045       229       640    0.9843         1    0.9957    0.5149   0.02454   0.01815  0.001165
   390/599     6.63G   0.03201     0.017  0.002678   0.05168       202       640     0.985         1    0.9957    0.5623   0.02206    0.0178  0.001082
   391/599     6.63G   0.02878   0.01686  0.002379   0.04802       200       640    0.9845         1    0.9957     0.547   0.02322   0.01795  0.001082
   392/599     6.63G   0.03083     0.017  0.002393   0.05022       216       640    0.9809         1    0.9957    0.5642   0.02224    0.0178   0.00101
   393/599     6.63G   0.03065   0.01561  0.002259   0.04852       191       640    0.9789         1    0.9957    0.5621    0.0222   0.01762  0.001048
   394/599     6.63G   0.03068   0.01719  0.002446   0.05032       174       640    0.9783         1    0.9958    0.5384   0.02321    0.0177  0.001055
   395/599     6.63G   0.03085   0.01747  0.002638   0.05096       206       640    0.9819         1    0.9958    0.5262   0.02306   0.01768   0.00106
   396/599     6.63G   0.03079   0.01796  0.002271   0.05102       203       640    0.9808         1    0.9957    0.5652   0.02151    0.0176  0.001098
   397/599     6.63G   0.03141   0.01737  0.002476   0.05126       220       640    0.9793         1    0.9957    0.5713   0.02166   0.01774  0.001131
   398/599     6.63G   0.03334    0.0177  0.002318   0.05336       177       640    0.9816         1    0.9957    0.5214   0.02383   0.01827  0.001192
   399/599     6.63G   0.03112   0.01652  0.002339   0.04998       174       640    0.9799         1    0.9958    0.5611   0.02191   0.01823  0.001135
   400/599     6.63G   0.03064   0.01765  0.002414    0.0507       177       640    0.9797    0.9998    0.9957    0.5668   0.02201    0.0182  0.001019
   401/599     6.63G   0.02929   0.01678  0.002321   0.04839       190       640    0.9821         1    0.9957    0.5586   0.02161   0.01825  0.001081
   402/599     6.63G   0.03234   0.01715  0.002251   0.05174       146       640    0.9917         1    0.9958    0.5208   0.02414   0.01833  0.001163
   403/599     6.63G   0.03117   0.01673  0.002376   0.05028       192       640    0.9909    0.9998    0.9957     0.482    0.0266   0.01863  0.001302
   404/599     6.63G   0.03091   0.01748  0.002257   0.05065       180       640     0.989         1    0.9957     0.484   0.02635   0.01866  0.001264
   405/599     6.63G   0.03018   0.01651  0.002465   0.04916       182       640    0.9839         1    0.9957     0.502   0.02572   0.01835   0.00118
   406/599     6.63G   0.03205   0.01682  0.002461   0.05133       171       640    0.9722         1    0.9958    0.5688   0.02145   0.01759  0.001011
   407/599     6.63G    0.0297   0.01685  0.002197   0.04874       186       640     0.976         1    0.9957    0.5747   0.02158   0.01758  0.001108
   408/599     6.63G   0.03088   0.01718  0.002469   0.05053       209       640    0.9862         1    0.9957    0.5076    0.0256   0.01859  0.001297
   409/599     6.63G   0.03011   0.01579  0.002592   0.04849       199       640    0.9853         1    0.9957    0.5392   0.02407     0.018   0.00122
   410/599     6.63G   0.02939   0.01609  0.002122    0.0476       177       640    0.9836         1    0.9958    0.5815   0.02115   0.01733  0.001021
   411/599     6.63G   0.02973   0.01613  0.002246   0.04812       163       640    0.9865         1    0.9957    0.5955   0.02238   0.01734  0.001148
   412/599     6.63G   0.03081   0.01764  0.002789   0.05124       203       640    0.9902         1    0.9957    0.5497   0.02422   0.01812  0.001285
   413/599     6.63G   0.03178   0.01715  0.002533   0.05145       170       640    0.9901         1    0.9957     0.531   0.02399   0.01807  0.001178
   414/599     6.63G   0.03012   0.01727  0.002408    0.0498       203       640    0.9909         1    0.9957    0.4947   0.02482   0.01834  0.001189
   415/599     6.63G   0.03028   0.01805  0.002493   0.05083       223       640    0.9872         1    0.9958    0.5414   0.02191   0.01767  0.001058
   416/599     6.63G   0.03114   0.01643   0.00218   0.04975       185       640    0.9851         1    0.9958    0.5604   0.02181   0.01792  0.001116
   417/599     6.63G   0.03129   0.01636  0.002353      0.05       184       640    0.9915         1    0.9958    0.4918    0.0254   0.01848  0.001351
   418/599     6.63G   0.02934   0.01578   0.00225   0.04737       182       640    0.9902         1    0.9957    0.4448   0.02783   0.01887  0.001405
   419/599     6.63G    0.0295   0.01685  0.002344    0.0487       165       640    0.9857         1    0.9957     0.539   0.02363   0.01808  0.001068
   420/599     6.63G   0.03088   0.01683  0.002533   0.05024       181       640    0.9817         1    0.9958    0.5795   0.02185   0.01812  0.001038
   421/599     6.63G   0.03035   0.01596   0.00222   0.04853       155       640    0.9818         1    0.9958    0.5602   0.02261   0.01817  0.001036
   422/599     6.63G   0.02998   0.01748  0.002368   0.04983       183       640    0.9807         1    0.9959    0.5424   0.02341   0.01825  0.001035
   423/599     6.63G   0.02992   0.01748  0.002583   0.04998       205       640    0.9805         1    0.9959    0.5472   0.02313   0.01812  0.001004
   424/599     6.63G   0.02935    0.0158  0.002439   0.04759       197       640     0.981         1    0.9959    0.5456   0.02376   0.01803  0.001007
   425/599     6.63G   0.03091    0.0169  0.002345   0.05015       202       640    0.9821         1    0.9959    0.5328   0.02396    0.0179 0.0009961
   426/599     6.63G   0.02866    0.0159  0.002413   0.04698       197       640    0.9833         1    0.9958    0.4701   0.02634   0.01817 0.0009824
   427/599     6.63G    0.0296   0.01592  0.002153   0.04767       170       640    0.9828         1    0.9958    0.4855   0.02636    0.0184 0.0009942
   428/599     6.63G   0.02881    0.0165  0.002516   0.04783       204       640    0.9833         1    0.9958    0.5186   0.02505   0.01785 0.0009415
   429/599     6.63G   0.02963   0.01621  0.002285   0.04813       187       640    0.9472      0.96     0.924    0.4069   0.03035    0.0194  0.001369
   430/599     6.63G   0.03015   0.01643  0.002366   0.04895       206       640    0.9459      0.96     0.924    0.4378   0.02868    0.0194   0.00147
   431/599     6.63G   0.02949   0.01734  0.002203   0.04903       177       640    0.9817         1    0.9958     0.515    0.0253   0.01776  0.001138
   432/599     6.63G   0.02902   0.01764  0.002479   0.04914       206       640    0.9794         1    0.9958    0.5515   0.02326   0.01769 0.0009737
   433/599     6.63G   0.03002   0.01697  0.002301   0.04929       176       640    0.9835         1    0.9957    0.5425   0.02359   0.01787  0.001079
   434/599     6.63G    0.0273   0.01702  0.002348   0.04666       220       640    0.9804         1    0.9958    0.5941   0.02205   0.01759 0.0009333
   435/599     6.63G   0.02987   0.01689  0.002493   0.04925       160       640    0.9816         1    0.9959    0.5612   0.02274   0.01754  0.000907
   436/599     6.63G   0.03025   0.01669  0.002433   0.04938       185       640    0.9819         1    0.9958    0.5392   0.02439   0.01766 0.0009631
   437/599     6.63G    0.0303   0.01606  0.002379   0.04874       217       640    0.9819         1    0.9958    0.5406    0.0242   0.01765 0.0009483
   438/599     6.63G   0.02741   0.01508  0.002111    0.0446       194       640    0.9822         1    0.9958    0.5621   0.02243   0.01742 0.0009389
   439/599     6.63G   0.02888   0.01749  0.002214   0.04858       193       640    0.9839         1    0.9958    0.5822   0.02138   0.01721 0.0009494
   440/599     6.63G   0.02848   0.01707  0.002308   0.04786       192       640    0.9848         1    0.9959    0.5836   0.02123    0.0174  0.001014
   441/599     6.63G   0.02895   0.01538  0.002292   0.04662       216       640    0.9848         1    0.9959    0.5445   0.02232   0.01764 0.0009967
   442/599     6.63G   0.02908   0.01709  0.002412   0.04858       196       640    0.9901         1    0.9958    0.4628   0.02572   0.01911  0.001116
   443/599     6.63G   0.02927   0.01769  0.002449    0.0494       194       640     0.953      0.96    0.9292    0.4461   0.02627   0.01962  0.001158
   444/599     6.63G   0.02776   0.01658  0.002167    0.0465       239       640    0.9856         1    0.9959    0.4931   0.02498   0.01881  0.001077
   445/599     6.63G   0.03008   0.01566  0.002439   0.04817       189       640    0.9817         1     0.996    0.5439   0.02322   0.01831  0.001027
   446/599     6.63G   0.02966   0.01683  0.002403    0.0489       194       640      0.98         1     0.996    0.5372   0.02276   0.01786  0.000982
   447/599     6.63G   0.03088   0.01702  0.002338   0.05024       164       640    0.9787         1     0.996    0.5663   0.02266   0.01782 0.0009341
   448/599     6.63G   0.02945   0.01751  0.002378   0.04934       208       640    0.9786         1     0.996    0.5629   0.02169    0.0176 0.0009387
   449/599     6.63G    0.0289   0.01623  0.002441   0.04757       156       640    0.9798         1     0.996    0.5402   0.02237   0.01773 0.0009619
   450/599     6.63G   0.03064   0.01723  0.002278   0.05015       185       640    0.9816         1     0.996     0.539   0.02237   0.01765 0.0009546
   451/599     6.63G   0.03041   0.01694  0.002411   0.04976       190       640    0.9827         1     0.996    0.5539   0.02247   0.01746 0.0009574
   452/599     6.63G   0.03064   0.01627  0.002798   0.04971       180       640    0.9894         1    0.9958    0.4925   0.02657   0.01881  0.001223
   453/599     6.63G   0.02809   0.01673  0.002217   0.04703       200       640    0.9853         1    0.9959    0.5398   0.02298   0.01794  0.001017
   454/599     6.63G   0.02762   0.01686  0.002204   0.04669       182       640     0.985         1    0.9958    0.5745   0.02222    0.0183  0.001065
   455/599     6.63G   0.03011   0.01758  0.002298   0.04999       188       640    0.9846    0.9998    0.9958    0.5761   0.02237   0.01814  0.001003
   456/599     6.63G    0.0289   0.01699  0.002319   0.04821       158       640    0.9853         1    0.9959    0.5832   0.02225   0.01798 0.0009936
   457/599     6.63G   0.02833   0.01651  0.002415   0.04726       169       640    0.9852         1    0.9959    0.5792   0.02242   0.01818 0.0009768
   458/599     6.63G   0.02787   0.01604  0.002275   0.04619       192       640    0.9893         1    0.9958    0.5318   0.02523    0.0183 0.0009624
   459/599     6.63G   0.02971   0.01697  0.002374   0.04905       196       640    0.9887         1     0.996    0.5437    0.0235   0.01863 0.0009294
   460/599     6.63G   0.02988     0.017  0.002272   0.04915       175       640    0.9894         1    0.9961    0.5425     0.024   0.01805 0.0009396
   461/599     6.63G   0.02813   0.01632   0.00212   0.04657       190       640    0.9506      0.96    0.9241    0.4333   0.02858   0.02032  0.001422
   462/599     6.63G   0.02907   0.01661  0.002261   0.04795       168       640    0.9887         1    0.9958     0.447    0.0276   0.02031  0.001612
   463/599     6.63G   0.02908   0.01713  0.002336   0.04855       205       640     0.989         1    0.9958    0.4935   0.02528   0.01885   0.00153
   464/599     6.63G   0.02922   0.01746  0.002293   0.04897       202       640     0.984         1    0.9959    0.5048   0.02539   0.01834   0.00144
   465/599     6.63G   0.02813   0.01622  0.002448   0.04679       224       640    0.9813         1    0.9959    0.5275   0.02392   0.01772  0.001142
   466/599     6.63G   0.02933   0.01674  0.002295   0.04837       198       640    0.9822         1    0.9959    0.4843   0.02628   0.01862  0.001478
   467/599     6.63G   0.02547   0.01649  0.002212   0.04417       194       640    0.9798         1    0.9959    0.5518   0.02335   0.01794  0.001179
   468/599     6.63G   0.02787   0.01697  0.002244   0.04708       163       640    0.9793         1    0.9959    0.5485   0.02334   0.01772  0.001271
   469/599     6.63G   0.03092   0.01659   0.00247   0.04998       206       640    0.9801         1    0.9958    0.4626   0.02761   0.01836  0.001416
   470/599     6.63G   0.02981   0.01664  0.002215   0.04866       211       640    0.9808         1    0.9958    0.4745   0.02629   0.01814  0.001357
   471/599     6.63G   0.03035   0.01669  0.002273   0.04932       249       640    0.9798         1    0.9958    0.5563   0.02229   0.01768  0.001062
   472/599     6.63G    0.0303   0.01764  0.002383   0.05032       156       640    0.9794         1    0.9958    0.5506   0.02219   0.01796  0.001011
   473/599     6.63G   0.02851   0.01611  0.002526   0.04715       166       640    0.9785         1    0.9958    0.5854   0.02155   0.01769 0.0009908
   474/599     6.63G   0.02916   0.01582  0.002352   0.04734       159       640    0.9804         1    0.9958    0.5251   0.02495   0.01819  0.001145
   475/599     6.63G   0.02844   0.01611  0.002424   0.04697       176       640    0.9786         1    0.9958    0.5508   0.02248   0.01788  0.000993
   476/599     6.63G   0.02866   0.01637  0.002346   0.04737       164       640    0.9779         1    0.9958    0.5439     0.023   0.01808  0.001035
   477/599     6.63G   0.03035   0.01676  0.002383   0.04949       222       640    0.9795         1    0.9958    0.5297   0.02359   0.01825  0.001085
   478/599     6.63G   0.02828   0.01618   0.00243   0.04689       203       640    0.9821         1    0.9959    0.5547   0.02274   0.01798  0.001043
   479/599     6.63G   0.02826   0.01769  0.002366   0.04832       206       640    0.9829         1    0.9959    0.5566   0.02229   0.01774  0.001035
   480/599     6.63G   0.02964    0.0166  0.002393   0.04864       206       640    0.9848         1    0.9959    0.5501   0.02282   0.01768  0.001057
   481/599     6.63G   0.02922   0.01541  0.002142   0.04677       152       640    0.9857         1    0.9959    0.5172   0.02476   0.01811  0.001105
   482/599     6.63G   0.02858   0.01681  0.002204   0.04759       212       640    0.9855         1     0.996    0.5584   0.02283   0.01809  0.001019
   483/599     6.63G   0.02916   0.01782  0.002367   0.04934       215       640    0.9835         1    0.9961    0.5674   0.02221   0.01878  0.001055
   484/599     6.63G   0.02822   0.01689  0.002377   0.04748       217       640    0.9844         1     0.996    0.5575   0.02249   0.01848  0.001032
   485/599     6.63G   0.02878   0.01563  0.002453   0.04686       158       640    0.9898    0.9999    0.9958    0.4791    0.0258   0.01866  0.001099
   486/599     6.63G   0.02857    0.0156  0.002281   0.04645       132       640    0.9907         1    0.9958    0.4364   0.02848   0.01917  0.001259
   487/599     6.63G   0.02826   0.01659  0.002326   0.04717       175       640    0.9925         1    0.9959    0.5138   0.02439   0.01861  0.001045
   488/599     6.63G   0.03025   0.01612  0.002455   0.04883       197       640    0.9938         1    0.9958    0.4856   0.02616   0.01848  0.001214
   489/599     6.63G   0.02944   0.01592  0.002462   0.04782       164       640    0.9906         1    0.9958    0.3828   0.03105   0.02027  0.001349
   490/599     6.63G   0.02818   0.01593  0.002507   0.04661       229       640    0.9918         1    0.9958    0.3974    0.0304   0.02032  0.001368
   491/599     6.63G   0.02964   0.01567   0.00229    0.0476       166       640    0.9867         1    0.9958     0.457   0.02817    0.0192  0.001344
   492/599     6.63G   0.02889   0.01631  0.002308   0.04751       164       640    0.9834         1    0.9959     0.537   0.02335   0.01834 0.0009976
   493/599     6.63G   0.02685   0.01558  0.002028   0.04447       140       640    0.9841         1    0.9959    0.5287   0.02445   0.01847 0.0009807
   494/599     6.63G   0.02562   0.01658  0.002165   0.04437       164       640    0.9861         1    0.9958    0.4968   0.02621   0.01869  0.001118
   495/599     6.63G   0.02667   0.01603  0.002278   0.04498       163       640    0.9853         1    0.9959    0.5309   0.02468   0.01835  0.001011
   496/599     6.63G   0.02852   0.01583  0.002375   0.04673       125       640    0.9807         1    0.9959    0.5742   0.02247   0.01828 0.0009894
   497/599     6.63G   0.03012   0.01606  0.002275   0.04846       180       640    0.9825         1    0.9959    0.4819   0.02637   0.01876  0.001166
   498/599     6.63G   0.02877   0.01587  0.002289   0.04693       187       640    0.9878    0.9999    0.9959     0.439   0.02702   0.01929  0.001218
   499/599     6.63G   0.02959   0.01497  0.002256   0.04682       140       640    0.9882         1    0.9959     0.445    0.0268   0.01919  0.001186
   500/599     6.63G   0.02801   0.01625  0.002067   0.04632       129       640    0.9899         1    0.9959    0.4065    0.0284   0.02026  0.001275
   501/599     6.63G   0.02824     0.016  0.002462    0.0467       181       640    0.9862         1     0.996    0.5068   0.02542   0.01847  0.001027
   502/599     6.63G      0.03   0.01685  0.002353   0.04921       226       640    0.9863         1     0.996    0.5396   0.02329   0.01814 0.0009485
   503/599     6.63G   0.02763   0.01561  0.002268    0.0455       181       640    0.9893         1    0.9959    0.4856   0.02532   0.01896  0.001047
   504/599     6.63G   0.02736   0.01562  0.002119    0.0451       160       640    0.9905         1    0.9959    0.4625   0.02615    0.0195  0.001143
   505/599     6.63G   0.02968   0.01554  0.002348   0.04758       154       640    0.9873         1    0.9959     0.475   0.02568   0.01903  0.001075
   506/599     6.63G   0.02865   0.01651   0.00238   0.04754       206       640    0.9866         1    0.9958     0.487     0.026   0.01923  0.001193
   507/599     6.63G   0.02894   0.01574  0.002326     0.047       158       640    0.9893         1    0.9959    0.4447   0.02709    0.0196  0.001231
   508/599     6.63G   0.02508   0.01624  0.002116   0.04344       174       640    0.9891         1    0.9958    0.4789   0.02614   0.01917  0.001196
   509/599     6.63G   0.02671   0.01724  0.002231   0.04618       193       640    0.9891         1    0.9958    0.4999   0.02532   0.01888  0.001116
   510/599     6.63G   0.02751   0.01716  0.002306   0.04698       231       640     0.987         1     0.996    0.5882   0.02226   0.01853 0.0008792
   511/599     6.63G   0.02572   0.01563  0.002235   0.04359       204       640    0.9886         1    0.9959    0.5499   0.02295   0.01843 0.0009114
   512/599     6.63G    0.0282   0.01603  0.002408   0.04664       182       640    0.9868         1    0.9959    0.5457    0.0233   0.01874 0.0009342
   513/599     6.63G   0.02758   0.01591  0.002188   0.04567       185       640    0.9848         1    0.9959     0.554   0.02253   0.01891 0.0009007
   514/599     6.63G   0.02683   0.01528  0.002257   0.04437       179       640    0.9829         1     0.996    0.5764   0.02236   0.01903 0.0009001
   515/599     6.63G    0.0267    0.0162  0.002162   0.04506       200       640    0.9854         1     0.996    0.5748   0.02249   0.01904 0.0008918
   516/599     6.63G   0.02851   0.01701  0.002406   0.04792       182       640    0.9864    0.9998    0.9961    0.5778   0.02212   0.01862 0.0008896
   517/599     6.63G   0.02991   0.01595  0.002103   0.04796       203       640    0.9872         1    0.9961    0.5779   0.02205   0.01846  0.000879
   518/599     6.63G   0.02957   0.01633  0.002492   0.04839       194       640    0.9907         1     0.996    0.5528   0.02297   0.01859 0.0009344
   519/599     6.63G    0.0262   0.01536  0.002214   0.04378       163       640    0.9917         1    0.9959    0.4705   0.02639   0.01981  0.001126
   520/599     6.63G   0.02677   0.01576  0.002341   0.04486       231       640    0.9915         1    0.9959    0.4748   0.02561   0.01959  0.001094
   521/599     6.63G     0.026   0.01532  0.002086    0.0434       149       640      0.99         1    0.9959    0.5415   0.02355   0.01902 0.0009429
   522/599     6.63G   0.02976   0.01684  0.002414   0.04902       233       640    0.9907         1    0.9961    0.5664   0.02247   0.01883 0.0009008
   523/599     6.63G   0.02936   0.01506  0.002436   0.04686       155       640    0.9867         1     0.996    0.5526   0.02276   0.01861 0.0009035
   524/599     6.63G   0.02849   0.01742  0.002293    0.0482       197       640    0.9845         1    0.9959       0.5   0.02595   0.01915    0.0011
   525/599     6.63G   0.02684    0.0159  0.002151   0.04489       176       640    0.9855         1    0.9959    0.4766   0.02546   0.01914  0.001111
   526/599     6.63G   0.02832   0.01667  0.002246   0.04724       198       640     0.978         1    0.9961    0.5299   0.02296   0.01866 0.0008546
   527/599     6.63G   0.02774    0.0155  0.002181   0.04542       163       640    0.9752         1    0.9961    0.5505   0.02225   0.01837 0.0008595
   528/599     6.63G   0.02567   0.01556  0.002119   0.04335       202       640    0.9801         1    0.9961    0.5414   0.02348   0.01824 0.0008713
   529/599     6.63G   0.02618   0.01615   0.00223   0.04456       216       640    0.9799         1     0.996    0.5166   0.02451   0.01854 0.0009004
   530/599     6.63G   0.02719   0.01651  0.002109   0.04582       183       640    0.9851         1    0.9959    0.4677   0.02628    0.0192  0.001038
   531/599     6.63G   0.02836   0.01527  0.002224   0.04586       157       640    0.9845         1     0.996     0.508   0.02419   0.01857 0.0009556
   532/599     6.63G   0.02896   0.01574  0.002185   0.04688       194       640    0.9843         1    0.9961    0.5398   0.02302   0.01875  0.000954
   533/599     6.63G    0.0305   0.01525  0.002303   0.04805       164       640     0.985         1    0.9961    0.5049   0.02382   0.01906 0.0009728
   534/599     6.63G   0.03088    0.0157  0.002329   0.04891       217       640    0.9877         1    0.9959    0.4923   0.02455   0.01929  0.001048
   535/599     6.63G   0.02768   0.01609  0.002343   0.04611       197       640    0.9867    0.9998    0.9962    0.5084   0.02365   0.01915 0.0009592
   536/599     6.63G   0.02749   0.01585  0.002381   0.04572       234       640    0.9853         1    0.9962    0.5419   0.02276   0.01885 0.0009071
   537/599     6.63G   0.02852   0.01681  0.002466   0.04779       191       640    0.9832         1    0.9961    0.5637   0.02231   0.01878  0.000888
   538/599     6.63G   0.02898   0.01503  0.002094   0.04611       140       640     0.951      0.96     0.932    0.4134   0.02769   0.02023  0.001184
   539/599     6.63G   0.02877   0.01669  0.002218   0.04768       202       640    0.9849         1    0.9961    0.5666   0.02264   0.01896 0.0008587
   540/599     6.63G   0.02879   0.01613  0.002205   0.04713       164       640    0.9838         1     0.996     0.577   0.02242   0.01872 0.0008567
   541/599     6.63G   0.02965   0.01604  0.002199   0.04789       156       640     0.987         1     0.996    0.5532   0.02309    0.0184  0.000831
   542/599     6.63G   0.02792   0.01588   0.00229   0.04609       187       640    0.9875         1    0.9959    0.5432   0.02341   0.01874 0.0008462
   543/599     6.63G   0.03007   0.01729  0.002213   0.04957       219       640    0.9894         1     0.996    0.5136    0.0244   0.01908 0.0009271
   544/599     6.63G   0.02898   0.01655   0.00237    0.0479       202       640    0.9847         1    0.9962    0.5661   0.02278   0.01951  0.000875
   545/599     6.63G     0.026     0.017  0.002126   0.04513       245       640     0.983         1    0.9962    0.5729   0.02252    0.0193 0.0008873
   546/599     6.63G    0.0283     0.017   0.00222   0.04752       165       640    0.9844         1    0.9961    0.5799   0.02216   0.01874 0.0008673
   547/599     6.63G   0.02893   0.01693  0.002204   0.04806       168       640    0.9876         1    0.9962    0.5289   0.02267   0.01818 0.0008857
   548/599     6.63G   0.02929    0.0164   0.00236   0.04805       223       640    0.9852         1    0.9961    0.5592   0.02227   0.01801 0.0008882
   549/599     6.63G   0.02736   0.01632  0.002287   0.04597       230       640    0.9863         1    0.9961    0.5473   0.02214   0.01799 0.0009057
   550/599     6.63G   0.02697   0.01556   0.00215   0.04468       168       640    0.9869         1    0.9961    0.5522    0.0228   0.01822  0.000902
   551/599     6.63G   0.02698   0.01522  0.002335   0.04454       173       640    0.9864         1    0.9961    0.5282   0.02358   0.01854 0.0009185
   552/599     6.63G   0.02909   0.01634  0.002394   0.04782       230       640     0.984         1     0.996    0.5372   0.02399   0.01886  0.000929
   553/599     6.63G    0.0267   0.01598   0.00204   0.04472       186       640    0.9855    0.9999     0.996    0.5086   0.02502   0.01881 0.0009885
   554/599     6.63G   0.02777   0.01537  0.002367   0.04551       169       640    0.9837         1    0.9959    0.4293   0.02845   0.01938  0.001218
   555/599     6.63G   0.02663   0.01644  0.002256   0.04533       185       640    0.9444      0.96     0.932    0.4304   0.02812   0.01929  0.001154
   556/599     6.63G   0.02902   0.01563  0.002219   0.04688       197       640    0.9821         1    0.9959    0.4804   0.02685   0.01911  0.001086
   557/599     6.63G   0.02521   0.01599  0.002138   0.04334       186       640    0.9819         1    0.9959    0.4838   0.02559   0.01879  0.001064
   558/599     6.63G   0.02661   0.01624  0.002321   0.04518       154       640    0.9824         1    0.9959    0.4878   0.02595   0.01925  0.001138
   559/599     6.63G   0.02735   0.01525  0.002187   0.04479       215       640    0.9831         1     0.996    0.4469   0.02713   0.02016  0.001173
   560/599     6.63G   0.02804   0.01573  0.002214   0.04598       143       640    0.9823         1     0.996    0.4232   0.02778   0.02029  0.001165
   561/599     6.63G   0.02662    0.0158  0.002152   0.04457       188       640    0.9811         1    0.9962    0.5286   0.02486   0.01819  0.001004
   562/599     6.63G   0.02697    0.0166  0.002057   0.04562       163       640    0.9771         1    0.9961    0.5628    0.0224   0.01817  0.001097
   563/599     6.63G   0.02747   0.01661  0.002415   0.04649       193       640    0.9826         1    0.9963     0.563   0.02301   0.01782   0.00107
   564/599     6.63G   0.02775   0.01671  0.002313   0.04677       187       640    0.9431      0.96    0.9243    0.4035   0.02905   0.01988  0.001159
   565/599     6.63G   0.02879   0.01632  0.002204   0.04731       192       640    0.9838         1    0.9959    0.4415   0.02841   0.01972  0.001215
   566/599     6.63G   0.02946   0.01704  0.002504   0.04901       172       640    0.9786    0.9998     0.996    0.5457   0.02337   0.01777  0.001071
   567/599     6.63G   0.02598   0.01533  0.002279   0.04359       162       640    0.9761    0.9999    0.9961    0.5735   0.02251   0.01786  0.001151
   568/599     6.63G    0.0275   0.01649  0.002319    0.0463       246       640    0.9781         1    0.9962    0.5644   0.02245   0.01788  0.001005
   569/599     6.63G   0.02615   0.01608  0.002321   0.04456       192       640    0.9825    0.9998    0.9962    0.5394    0.0235   0.01793 0.0009555
   570/599     6.63G   0.02774   0.01535   0.00219   0.04528       151       640    0.9901         1     0.996    0.4609   0.02676   0.01852  0.001153
   571/599     6.63G   0.02831   0.01618  0.002365   0.04685       144       640    0.9884         1     0.996    0.4971   0.02537   0.01834  0.001031
   572/599     6.63G    0.0282   0.01617  0.002242   0.04662       241       640     0.993         1    0.9959    0.4646   0.02737   0.01905  0.001173
   573/599     6.63G   0.02866   0.01656  0.002387   0.04761       192       640     0.992    0.9999    0.9962    0.5294   0.02405   0.01865 0.0009415
   574/599     6.63G   0.02769   0.01684  0.002314   0.04684       178       640    0.9908         1    0.9959    0.4505   0.02734   0.01942  0.001234
   575/599     6.63G   0.02797    0.0163  0.002334   0.04661       223       640    0.9912         1    0.9959    0.4373   0.02741   0.01961  0.001231
   576/599     6.63G   0.02688    0.0158  0.002198   0.04488       179       640     0.991         1    0.9959    0.4303    0.0279   0.01982  0.001261
   577/599     6.63G   0.02559   0.01506  0.002166   0.04282       187       640     0.988         1     0.996    0.4122   0.02877   0.02005  0.001256
   578/599     6.63G   0.02585   0.01627   0.00238    0.0445       176       640    0.9837         1     0.996     0.473   0.02738   0.01931  0.001167
   579/599     6.63G    0.0251   0.01528  0.001984   0.04237       174       640    0.9858         1    0.9963    0.5207   0.02489   0.01862  0.001091
   580/599     6.63G    0.0272   0.01526  0.002331   0.04479       207       640    0.9854         1    0.9964    0.5493   0.02396   0.01879  0.001082
   581/599     6.63G    0.0259   0.01606  0.002222   0.04418       250       640    0.9859         1    0.9964    0.5473   0.02397   0.01887  0.001067
   582/599     6.63G   0.02746   0.01547   0.00239   0.04532       206       640    0.9865         1    0.9962    0.5418   0.02414   0.01851  0.001055
   583/599     6.63G   0.02683    0.0153  0.002247   0.04437       167       640    0.9825         1    0.9963    0.5653   0.02297   0.01856 0.0009926
   584/599     6.63G   0.02707   0.01532   0.00245   0.04483       198       640    0.9819    0.9999    0.9962    0.5796   0.02272   0.01871 0.0009261
   585/599     6.63G    0.0262   0.01526  0.002198   0.04366       143       640    0.9894         1     0.996    0.5171   0.02469   0.01897  0.000936
   586/599     6.63G   0.02791   0.01627  0.002342   0.04652       196       640    0.9917         1    0.9959    0.4474   0.02789   0.01952   0.00102
   587/599     6.63G   0.02699   0.01551  0.002232   0.04474       195       640    0.9884         1    0.9961    0.5377   0.02487    0.0188 0.0008541
   588/599     6.63G   0.02697   0.01585  0.002046   0.04487       205       640    0.9861         1    0.9961    0.5529   0.02372   0.01843  0.000836
   589/599     6.63G   0.02565   0.01646  0.002141   0.04425       180       640    0.9834         1    0.9962    0.5325   0.02416    0.0186 0.0008561
   590/599     6.63G   0.02641   0.01565  0.002355   0.04441       198       640    0.9807         1    0.9962    0.5434   0.02379   0.01849 0.0008893
   591/599     6.63G    0.0286   0.01525  0.002313   0.04616       193       640    0.9817         1     0.996    0.4813   0.02616   0.01951 0.0009007
   592/599     6.63G   0.02795   0.01657   0.00235   0.04687       196       640    0.9867         1    0.9959    0.4112    0.0288   0.02103  0.001074
   593/599     6.63G   0.02645   0.01544  0.002092   0.04398       193       640    0.9814         1    0.9959    0.4571   0.02739   0.02003   0.00102
   594/599     6.63G   0.02726   0.01611  0.001987   0.04535       217       640    0.9835         1    0.9962    0.5314   0.02363   0.01828 0.0009197
   595/599     6.63G   0.02727   0.01623  0.002136   0.04564       202       640     0.982         1    0.9962    0.5634   0.02217   0.01819 0.0009723
   596/599     6.63G   0.02627   0.01564  0.002455   0.04436       199       640    0.9852         1    0.9963    0.5484   0.02305   0.01818 0.0009384
   597/599     6.63G   0.02796   0.01574  0.002262   0.04597       181       640    0.9868         1    0.9962    0.5118   0.02515   0.01885  0.000939
   598/599     6.63G   0.02671   0.01556  0.002132    0.0444       190       640    0.9868    0.9999    0.9963    0.5295   0.02392    0.0185 0.0009565
   599/599     6.63G   0.02791   0.01549  0.002122   0.04552       203       640    0.9852         1    0.9962    0.5515   0.02304   0.01834  0.001013
