     0/599     1.37G     0.123   0.03802   0.05371    0.2148        10       640 0.0004533   0.04242 3.975e-05 7.093e-06    0.1107   0.03626   0.04944
     1/599     1.63G    0.1111   0.04308   0.04895    0.2031        23       640  0.008416  0.008333  0.001088 0.0002585   0.09733   0.04114   0.04318
     2/599     1.63G   0.09878   0.04708   0.04419    0.1901        21       640   0.06091   0.09626   0.04414  0.008763   0.08455   0.04385   0.03669
     3/599     1.63G   0.08647   0.04987   0.03843    0.1748        13       640    0.6059    0.2638    0.1931   0.04946   0.07486   0.03925   0.03125
     4/599     1.63G   0.07691    0.0425   0.03447    0.1539        29       640    0.7669    0.3565    0.2892   0.07422   0.06441   0.03364   0.02704
     5/599     1.63G   0.07566   0.03635   0.03175    0.1438        22       640    0.3225    0.4694    0.3312    0.1119    0.0627   0.03073   0.02413
     6/599     1.63G   0.06979   0.03453   0.02782    0.1322        14       640    0.3776    0.5025    0.3936    0.1156    0.0629   0.02784   0.02004
     7/599     1.63G    0.0725   0.03189   0.02452    0.1289        21       640    0.4146    0.5795    0.4915    0.1607    0.0591   0.02742   0.01791
     8/599     1.63G   0.07128   0.02983   0.02083    0.1219        10       640    0.5026    0.6663    0.5954    0.2021   0.05411   0.02633   0.01522
     9/599     1.63G   0.06989   0.02884   0.01896    0.1177        24       640    0.4344    0.6524    0.4867    0.1475    0.0589    0.0248   0.01438
    10/599     1.63G   0.06883   0.02832   0.01666    0.1138        28       640    0.5175    0.5692    0.5049    0.1525   0.05987    0.0238   0.01256
    11/599     1.63G   0.06982   0.02872   0.01442     0.113        20       640    0.4653    0.7445    0.5671    0.1544   0.05588   0.02414    0.0109
    12/599     1.63G   0.06598   0.02803   0.01371    0.1077        19       640    0.6958    0.5048     0.606    0.1853   0.05603   0.02395  0.009826
    13/599     1.63G   0.07028   0.02738   0.01157    0.1092        19       640    0.6038     0.547    0.5647    0.1934   0.06779   0.02219  0.008822
    14/599     1.63G   0.06631   0.02674   0.01141    0.1045        15       640    0.7445    0.5474    0.6883    0.1815   0.05761   0.02283  0.007821
    15/599     1.63G   0.06594    0.0274  0.009689     0.103        16       640    0.6977    0.6862    0.7002    0.2685   0.05629   0.02335  0.007386
    16/599     1.63G   0.06626   0.02624   0.01001    0.1025        13       640    0.2487    0.8014    0.3751   0.08579   0.07205    0.0209  0.006887
    17/599     1.63G   0.06825   0.02516  0.009509    0.1029        29       640    0.5387     0.771    0.6648    0.2059   0.05602   0.02356  0.006846
    18/599     1.63G   0.06033   0.02761  0.009187   0.09712        18       640    0.5663    0.8056    0.7556    0.2762    0.0483   0.02295  0.006147
    19/599     1.63G   0.05814   0.02657  0.007418   0.09213        14       640    0.3995      0.56    0.4552    0.1464   0.06569   0.02305  0.004905
    20/599     1.63G   0.06467   0.02476  0.007979   0.09742        17       640    0.6811    0.7912    0.8135    0.3239   0.04825   0.02397  0.006105
    21/599     1.63G   0.05896   0.02565  0.007895   0.09251        21       640    0.5132    0.7678     0.686    0.2828    0.0485   0.02371  0.006172
    22/599     1.63G   0.05594   0.02594  0.007222    0.0891        22       640    0.7881    0.7731     0.812    0.3187   0.04904   0.02281  0.007169
    23/599     1.63G   0.05846   0.02576  0.006664   0.09088        23       640    0.7065    0.7346     0.726    0.2366   0.05002   0.02529  0.007093
    24/599     1.63G   0.05511   0.02727  0.006823   0.08921        20       640    0.6545    0.8307    0.7698    0.3304   0.04614   0.02395  0.006774
    25/599     1.63G   0.05197   0.02611  0.006753   0.08483         5       640    0.8296    0.7726    0.8428     0.363    0.0476   0.02343  0.007911
    26/599     1.63G   0.05198   0.02694  0.005897   0.08481        17       640    0.8604    0.7424    0.8557    0.4042   0.04644   0.02321  0.005126
    27/599     1.63G   0.05058   0.02473  0.005813   0.08113        18       640    0.6776    0.7733    0.7862     0.345   0.05008   0.02427  0.008872
    28/599     1.63G   0.04598   0.02406  0.005349   0.07539        17       640     0.822      0.77    0.8487    0.3776   0.04672   0.02488  0.006236
    29/599     1.63G   0.04805   0.02622  0.004823    0.0791        13       640    0.8418    0.8285    0.8983    0.4375   0.04282   0.02373  0.004412
    30/599     1.63G   0.04711   0.02654    0.0053   0.07894         5       640      0.76     0.864     0.901    0.4494   0.04381   0.02311  0.003971
    31/599     1.63G    0.0472   0.02482  0.005158   0.07717        24       640    0.8171    0.7821    0.8419    0.3879    0.0451     0.024  0.006559
    32/599     1.63G   0.04595   0.02693  0.005226   0.07811        29       640    0.8975    0.8691    0.9005    0.4213   0.04239   0.02338  0.005029
    33/599     1.63G   0.04741   0.02476  0.004602   0.07677        15       640    0.9078    0.8273    0.9039     0.412   0.04635   0.02344  0.004816
    34/599     1.63G    0.0466   0.02421   0.00521   0.07601        18       640    0.8705    0.8349    0.8927    0.4082   0.04427   0.02364  0.007134
    35/599     1.63G   0.04472   0.02437  0.004832   0.07392        11       640    0.9071    0.8625    0.8986    0.4237   0.04243   0.02326    0.0051
    36/599     1.63G    0.0441   0.02554  0.004459   0.07411        20       640     0.902     0.833    0.9019    0.4302   0.04474   0.02449  0.007658
    37/599     1.63G   0.04313   0.02507  0.004617   0.07282        15       640      0.89    0.8659    0.8947    0.3949   0.04306   0.02421  0.005333
    38/599     1.63G   0.04421   0.02377  0.004156   0.07213        14       640    0.9339     0.818    0.9018    0.4132   0.04382   0.02425  0.004393
    39/599     1.63G   0.04197   0.02496  0.004006   0.07094        13       640    0.9394    0.7951    0.8597    0.4242   0.04275   0.02513  0.006736
    40/599     1.63G   0.04425   0.02341  0.004383   0.07204        13       640    0.9151    0.8635    0.9108    0.4281   0.04156    0.0241  0.004772
    41/599     1.63G   0.04267   0.02304  0.004024   0.06974        14       640    0.9161    0.9024     0.919    0.4314   0.03982   0.02364  0.004064
    42/599     1.63G   0.04392   0.02463  0.004302   0.07285        11       640    0.8959    0.8972    0.9154    0.4433   0.04044    0.0246  0.004519
    43/599     1.63G   0.04153   0.02467  0.003783   0.06999        22       640    0.9085    0.9098    0.9308    0.4456   0.03959   0.02331   0.00576
    44/599     1.63G   0.04085   0.02458  0.003745   0.06917        34       640     0.885    0.8727    0.9206     0.454   0.04179   0.02309  0.005483
    45/599     1.63G   0.04249   0.02303  0.004314   0.06984        11       640    0.9413    0.8531    0.9118    0.4271    0.0396   0.02395  0.005054
    46/599     1.63G   0.04041   0.02241  0.003992   0.06681        26       640    0.9213    0.8926    0.9268    0.4034   0.04175   0.02349  0.005594
    47/599     1.63G   0.04148   0.02297  0.003573   0.06802         8       640    0.9266    0.8975    0.9398    0.4426   0.03999   0.02378  0.004905
    48/599     1.63G   0.04094   0.02349  0.003753   0.06818        23       640    0.9238    0.8883    0.9227    0.4595   0.03968   0.02382  0.005071
    49/599     1.63G   0.04186   0.02316   0.00355   0.06857         9       640    0.9213     0.879    0.9196    0.4444   0.04249   0.02405  0.003557
    50/599     1.63G   0.03866   0.02336  0.003253   0.06527        13       640    0.9196    0.9085    0.9235    0.4647   0.04014   0.02374  0.003772
    51/599     1.63G   0.03775   0.02244  0.003512   0.06371        11       640    0.9106    0.9218    0.9415    0.4625   0.03858   0.02354   0.00292
    52/599     1.63G   0.03933   0.02275  0.003289   0.06537        11       640    0.9286    0.9047    0.9259    0.4731   0.03911   0.02392  0.003646
    53/599     1.63G   0.03957   0.02282  0.003643   0.06604        13       640    0.9328    0.8829    0.9159    0.4382   0.03947   0.02491  0.004369
    54/599     1.63G   0.03862   0.02413  0.003385   0.06613        20       640    0.9304    0.8796    0.9368    0.4496   0.04138   0.02359  0.006441
    55/599     1.63G   0.03914   0.02195  0.003122   0.06421        22       640    0.9123     0.901    0.9274    0.4597   0.03912   0.02394  0.004665
    56/599     1.63G   0.03961   0.02339   0.00307   0.06607        39       640    0.9206    0.9033    0.9266    0.4457   0.03945   0.02364  0.004886
    57/599     1.63G   0.04023   0.02305  0.003001   0.06628        18       640    0.9257    0.8888    0.9317    0.4802   0.04017     0.024  0.006315
    58/599     1.63G   0.03805   0.02248  0.003212   0.06374        28       640    0.9252    0.8932    0.9256     0.446   0.03905   0.02467  0.005832
    59/599     1.63G   0.03804   0.02254  0.003478   0.06406        28       640    0.9002    0.9187    0.9274    0.4788   0.03747   0.02403  0.004208
    60/599     1.63G    0.0353   0.02287  0.002988   0.06116        11       640    0.9466    0.9005    0.9262    0.4698   0.03896   0.02426  0.004053
    61/599     1.63G   0.03922   0.02216  0.003286   0.06467        14       640    0.9548    0.8998    0.9175    0.4284   0.03921   0.02469  0.003912
    62/599     1.63G   0.03828   0.02277  0.003413   0.06447        17       640    0.9323    0.8864    0.9175    0.4645   0.04179   0.02457  0.005491
    63/599     1.63G   0.03961   0.02231  0.003317   0.06524        27       640     0.936    0.9314    0.9386    0.4561   0.03955    0.0241  0.005748
    64/599     1.63G   0.03849   0.02217  0.003068   0.06372        20       640    0.9439    0.9094    0.9312    0.4743   0.03984   0.02378  0.005524
    65/599     1.63G   0.03825   0.02177  0.002893   0.06291        37       640    0.9521    0.8881    0.9282    0.4654   0.03994   0.02409  0.004318
    66/599     1.63G    0.0353   0.02188  0.002982   0.06016         5       640    0.9421    0.8991    0.9319    0.4808   0.03788   0.02398  0.004242
    67/599     1.63G    0.0366   0.02107   0.00293   0.06059        10       640    0.9445    0.9045    0.9188    0.4713   0.03803   0.02397  0.003972
    68/599     1.63G   0.03654   0.02016  0.002909   0.05962        11       640    0.9522    0.8495    0.9077    0.4443    0.0404    0.0242  0.003931
    69/599     1.63G   0.03636   0.02268  0.002458    0.0615        14       640    0.9058    0.9039    0.9176    0.4456   0.03939   0.02422  0.003898
    70/599     1.63G   0.03602   0.02259  0.002826   0.06145        15       640    0.9241    0.8995     0.925    0.4726   0.03784   0.02351  0.002589
    71/599     1.63G   0.03836    0.0235  0.002852   0.06471        16       640    0.9069    0.8751    0.9033    0.4229   0.03926   0.02438  0.003672
    72/599     1.63G   0.03639   0.02136  0.002988   0.06074        16       640    0.9455    0.9007    0.9364    0.4514   0.03817    0.0239  0.002801
    73/599     1.63G   0.03431   0.02139  0.002652   0.05835        25       640     0.939    0.8846    0.9195    0.4377   0.03869    0.0238  0.003104
    74/599     1.63G   0.03627   0.02099  0.003015   0.06028        11       640    0.9169    0.9104    0.9321    0.4623   0.03937   0.02406  0.002744
    75/599     1.63G   0.03723   0.02009  0.003136   0.06046         8       640    0.9207    0.9191     0.931     0.428   0.03869    0.0234  0.003305
    76/599     1.63G   0.03736   0.02187  0.002976    0.0622        19       640    0.9662    0.8954    0.9272    0.4315   0.03941    0.0249   0.00561
    77/599     1.63G   0.03448   0.02201  0.003096   0.05958        22       640    0.9481    0.8933    0.9264    0.4506   0.03941    0.0251  0.003273
    78/599     1.63G   0.03444   0.02167  0.002713   0.05882        26       640    0.9408     0.909    0.9364    0.4898   0.03921   0.02458  0.002101
    79/599     1.63G   0.03836   0.02193  0.002915    0.0632        18       640    0.8531    0.8533    0.8868    0.3926   0.04199   0.02558  0.005301
    80/599     1.63G   0.03824   0.02224  0.003385   0.06387        21       640     0.961    0.8883    0.9371    0.4726   0.03911   0.02522  0.003793
    81/599     1.63G   0.03449   0.02078  0.002806   0.05808        11       640    0.9289    0.8954    0.9236    0.4662   0.04024   0.02575  0.004558
    82/599     1.63G   0.03589   0.02294  0.003018   0.06184        18       640    0.9327    0.9201    0.9249    0.4641   0.03952   0.02342  0.005052
    83/599     1.63G   0.03541   0.02135  0.002763   0.05952         7       640    0.9205    0.9137    0.9284    0.4811   0.03794   0.02363  0.004339
    84/599     1.63G   0.03483   0.02153  0.002805   0.05917        15       640    0.9195    0.8751    0.9127     0.484   0.03859   0.02409  0.002676
    85/599     1.63G   0.03432    0.0223   0.00267   0.05929        24       640     0.918     0.917    0.9317    0.4564   0.03953   0.02414  0.002362
    86/599     1.63G   0.03798   0.02059  0.002835   0.06141        13       640    0.9277    0.8933    0.9149    0.4567   0.04044   0.02435  0.003082
    87/599     1.63G   0.03459   0.02124  0.002972    0.0588        17       640    0.9196    0.9126     0.927    0.4611   0.03875   0.02474  0.003258
    88/599     1.63G   0.03519   0.02194  0.002709   0.05984        27       640    0.9533    0.8946    0.9341    0.4673   0.03824   0.02519  0.002584
    89/599     1.63G   0.03541    0.0213  0.002503   0.05921        10       640    0.9468    0.8927    0.9228     0.457   0.03916   0.02491   0.00271
    90/599     1.63G   0.03404   0.02208  0.002668   0.05878        12       640    0.9506    0.8696    0.9354    0.4635   0.03913   0.02399  0.002503
    91/599     1.63G   0.03279   0.02112  0.002534   0.05644        17       640    0.9473    0.8949    0.9293    0.4738   0.03869    0.0238  0.002621
    92/599     1.63G   0.03431    0.0215  0.002537   0.05835        37       640    0.9512    0.8714    0.9294    0.4821   0.03781   0.02414  0.002419
    93/599     1.63G   0.03359   0.02189   0.00279   0.05826        26       640    0.9463    0.8976    0.9325    0.4754   0.03823   0.02402  0.002756
    94/599     1.63G   0.03317   0.02069  0.002562   0.05643        23       640    0.9514    0.9009     0.935    0.4637   0.03818   0.02434  0.002701
    95/599     1.63G   0.03521   0.02125  0.002914   0.05938        10       640    0.9135    0.9166    0.9336    0.4748   0.03921   0.02427  0.002326
    96/599     1.63G   0.03819   0.02035  0.003105   0.06165        25       640    0.9346    0.9003    0.9255    0.4781   0.03987   0.02455  0.004034
    97/599     1.63G   0.03311   0.02073  0.002564   0.05641         8       640    0.9383    0.9053    0.9397    0.4867   0.03963   0.02411  0.004441
    98/599     1.63G   0.03396   0.02249  0.002251    0.0587        26       640    0.9656    0.8533    0.9296    0.4691   0.03956   0.02463  0.004791
    99/599     1.63G   0.03339   0.02076  0.002259   0.05641        23       640    0.9377    0.8996    0.9299    0.4517   0.04151   0.02479  0.004525
   100/599     1.63G   0.03215   0.02036  0.002433   0.05495        18       640    0.9275    0.9202    0.9264    0.4735   0.03812   0.02455  0.003873
   101/599     1.63G   0.03351   0.02148  0.002481   0.05747        20       640    0.9514    0.8641    0.9174    0.4478   0.04072   0.02513  0.002291
   102/599     1.63G    0.0326   0.02054  0.002676   0.05582        17       640    0.9237    0.8838    0.9129     0.453   0.04084   0.02476  0.003104
   103/599     1.63G   0.03545   0.02111  0.002814   0.05938        11       640    0.9059    0.9081    0.9175    0.4486   0.03963   0.02501  0.004078
   104/599     1.63G   0.03649   0.02037  0.002318   0.05918        16       640    0.9498    0.8749    0.9202    0.4694   0.04072   0.02571  0.004416
   105/599     1.63G     0.034   0.02117  0.002513   0.05768        13       640    0.9295    0.9042    0.9292    0.4733   0.03847   0.02485  0.002939
   106/599     1.63G   0.03358   0.02108  0.002277   0.05693        17       640    0.9434    0.8945    0.9268    0.4706   0.03887   0.02511  0.002486
   107/599     1.63G   0.03287   0.02024  0.002357   0.05547        19       640    0.9479     0.866    0.9138    0.4606   0.03913   0.02533  0.002223
   108/599     1.63G   0.03197    0.0204  0.002738   0.05511        21       640     0.939     0.886    0.9241    0.4685   0.03959   0.02487  0.002242
   109/599     1.63G     0.031   0.01929  0.002401   0.05269        22       640    0.9578    0.8954     0.925    0.4634   0.03931   0.02403  0.002135
   110/599     1.63G   0.03209   0.02076   0.00248   0.05534        12       640    0.9421    0.9241    0.9375    0.4807   0.03831   0.02425  0.002194
   111/599     1.63G   0.03209   0.01968   0.00203    0.0538        24       640    0.9519    0.9073    0.9227    0.4428    0.0385   0.02461  0.002532
   112/599     1.63G   0.03393    0.0207  0.002419   0.05705        27       640    0.9234    0.9205    0.9297    0.4748   0.03891   0.02472   0.00333
   113/599     1.63G   0.03363    0.0206  0.002196   0.05643        16       640    0.9463     0.905    0.9194    0.4685    0.0394   0.02661  0.004618
   114/599     1.63G   0.03086   0.01953  0.002049   0.05244         8       640    0.9327    0.8957    0.9207    0.4748   0.03988    0.0257  0.003731
   115/599     1.63G   0.03184   0.02004  0.002394   0.05427        14       640    0.9477    0.8822    0.9092    0.4624   0.03968   0.02651  0.002433
   116/599     1.63G   0.03063   0.02132  0.002256   0.05421        22       640    0.9215    0.8883    0.9171    0.4697   0.04048   0.02612  0.002408
   117/599     1.63G   0.03151   0.02076  0.002169   0.05444        21       640    0.9434    0.8932    0.9256    0.4538   0.04061   0.02544  0.002279
   118/599     1.63G   0.03297   0.02013  0.002486   0.05558        11       640    0.9368    0.8913    0.9188    0.4576   0.04117   0.02501  0.003356
   119/599     1.63G   0.03379   0.02003  0.002597   0.05642        13       640    0.9168    0.9074    0.9129     0.452   0.03981   0.02451    0.0029
   120/599     1.63G   0.03394   0.01987  0.002375   0.05618        13       640      0.95    0.8869    0.9214    0.4762   0.03974    0.0248  0.002482
   121/599     1.63G   0.03437      0.02  0.002298   0.05667        23       640    0.9387    0.8935      0.92    0.4661   0.03947   0.02491  0.002286
   122/599     1.63G   0.03105   0.02044  0.001965   0.05346        30       640    0.9262    0.8806    0.9089    0.4592   0.03942   0.02666  0.002846
   123/599     1.63G   0.03062   0.01992  0.002425   0.05297        15       640    0.9388    0.8777    0.9125    0.4654   0.03937   0.02649  0.005293
   124/599     1.63G   0.03029   0.02037  0.002201   0.05286        23       640    0.9472    0.8926    0.9136    0.4485   0.03992   0.02597  0.005581
   125/599     1.63G   0.03111   0.01936  0.002341   0.05282        16       640    0.9039    0.8956    0.9003    0.4328   0.04102   0.02715   0.00576
   126/599     1.63G   0.03237   0.02064  0.002127   0.05515        11       640    0.8934    0.8864    0.8891    0.4246   0.04254   0.02537  0.003033
   127/599     1.63G   0.03389   0.01945  0.002365    0.0557        15       640    0.8877    0.8881     0.888     0.442   0.04106   0.02529  0.002773
   128/599     1.63G   0.03142   0.02038  0.002437   0.05424        18       640    0.9303    0.8571    0.9044      0.44   0.04162   0.02718  0.005759
   129/599     1.63G   0.03274   0.02059  0.002214   0.05554        20       640    0.9337    0.8439     0.894    0.4358   0.04221   0.02758  0.004223
   130/599     1.63G   0.03072    0.0207  0.002188   0.05361        28       640    0.8547    0.8963    0.8964    0.4512   0.04032    0.0265  0.002699
   131/599     1.63G     0.032   0.02094  0.003168    0.0561        15       640    0.8996    0.7716    0.8226    0.4029   0.04582    0.0287   0.01117
   132/599     1.63G   0.03151   0.02074  0.002109   0.05436        30       640    0.8774    0.8854    0.8855    0.4347      0.04   0.02721  0.007611
   133/599     1.63G   0.03148   0.02158  0.002199   0.05527        26       640    0.9172    0.8502    0.8836    0.4302   0.04039   0.02732  0.008618
   134/599     1.63G   0.03144   0.02076  0.002165   0.05437        25       640    0.9134    0.8896    0.9075    0.4396   0.03851   0.02621  0.005194
   135/599     1.63G   0.03173   0.02006  0.002854   0.05464        18       640    0.9509    0.8599    0.9056    0.4231    0.0411   0.02751  0.007057
   136/599     1.63G   0.03415   0.02144  0.002414     0.058        18       640    0.9071    0.8517    0.8763    0.4275   0.04386    0.0288  0.009557
   137/599     1.63G   0.03247   0.02148  0.002413   0.05636        20       640    0.8774    0.8468    0.8688    0.4121   0.04272   0.02727  0.008221
   138/599     1.63G   0.03221   0.02165  0.002469   0.05633        18       640    0.8967    0.6956    0.7809     0.384   0.04731   0.03595  0.008658
   139/599     1.63G   0.03236   0.02078  0.002633   0.05578        28       640    0.8664    0.8179    0.8504    0.4235   0.04275   0.02867  0.005439
   140/599     1.63G   0.03263   0.02251  0.002598   0.05773        20       640    0.8875    0.5608    0.6728    0.3218   0.05881   0.04249   0.01118
   141/599     1.63G   0.03376   0.02278  0.002609   0.05915        13       640    0.8694    0.6055    0.6898    0.3158   0.05361   0.04709   0.01058
   142/599     1.63G   0.03376   0.02231  0.002743   0.05881        13       640    0.8659    0.6044    0.6751    0.3041   0.05505   0.04317   0.01201
   143/599     1.63G   0.03319   0.02233   0.00257   0.05809        19       640     0.872    0.6513    0.7297    0.3429   0.04683    0.0383  0.007797
   144/599     1.63G   0.03403    0.0217  0.002801   0.05852        22       640    0.8091    0.6671    0.6982    0.2887   0.04997   0.03381  0.009411
   145/599     1.63G   0.03506   0.02562  0.002955   0.06364        14       640    0.7327    0.5931    0.6182    0.2345   0.05721   0.04033   0.01505
   146/599     1.63G    0.0356   0.02501  0.002693   0.06331        32       640    0.8116    0.5456    0.6131    0.2895   0.05343   0.04394   0.02193
   147/599     1.63G   0.03589   0.02372  0.002585    0.0622        20       640     0.485    0.2417     0.196   0.08567   0.07433   0.06853   0.05739
   148/599     1.63G   0.03461   0.02417  0.002756   0.06154        20       640    0.8007    0.5244    0.6256     0.262    0.0518   0.04733   0.01914
   149/599     1.63G   0.03551   0.02411  0.002851   0.06247        14       640    0.6648    0.5945    0.5887    0.2021   0.05745   0.06011   0.01945
   150/599     1.63G   0.03557   0.02367   0.00258   0.06182        16       640    0.7733    0.5528    0.6383    0.2726   0.05791    0.0499   0.02875
   151/599     1.63G   0.03714    0.0234  0.002866    0.0634        15       640    0.6935    0.6057    0.6123    0.2373   0.06512   0.03999   0.03865
   152/599     1.63G   0.03594   0.02466  0.003449   0.06405         8       640    0.7986    0.4486    0.5163    0.2038   0.07122   0.04549    0.0455
   153/599     1.63G    0.0365   0.02411  0.003226   0.06384        19       640    0.6407     0.316    0.3389    0.1095   0.08001     0.058   0.05365
   154/599     1.63G    0.0367   0.02572  0.003179    0.0656        18       640    0.5433   0.09945   0.08699   0.02001   0.09535   0.06695    0.0763
   155/599     1.63G    0.0374   0.02566  0.003757   0.06682        22       640     0.175   0.01238   0.01137  0.004327   0.09151   0.08658    0.1135
   156/599     1.63G   0.04241   0.02902  0.003665   0.07509        14       640   0.03173   0.02684  0.008122  0.002147   0.09481   0.06317    0.1205
   157/599     1.63G   0.04032   0.02752  0.004571   0.07241        18       640    0.5573    0.3637    0.3365    0.1021   0.08337    0.0441   0.06341
   158/599     1.63G   0.04011   0.02751  0.003586    0.0712        19       640    0.4114    0.2725    0.2609     0.085   0.08343    0.0451    0.0563
   159/599     1.63G   0.03919   0.02786  0.003956   0.07101        12       640 1.305e-05  0.002041 2.026e-07 2.026e-08   0.09834   0.05501    0.0793
   160/599     1.63G   0.04227   0.02957  0.004647   0.07649        10       640    0.2001  0.009571  4.04e-06 9.044e-07   0.09892   0.05618   0.09883
   161/599     1.63G    0.0454   0.02968  0.005241   0.08032        13       640 8.559e-05  0.001724 1.164e-06 1.164e-07     0.103   0.04533    0.0817
   162/599     1.63G   0.04588   0.03128  0.005946   0.08312        27       640    0.2655  0.001724 0.0003474 6.992e-05    0.1024   0.06953    0.1043
   163/599     1.63G   0.04619   0.03231   0.00537   0.08387        10       640    0.3529    0.2311    0.1456   0.03587   0.09204   0.04869   0.07243
   164/599     1.63G    0.0464   0.03285  0.005159   0.08441        13       640         0         0         0         0    0.1008     0.411   0.08379
   165/599     1.63G   0.05072   0.03518  0.007446   0.09334        13       640         0         0         0         0    0.1052     3.894    0.1102
   166/599     1.63G   0.05357   0.03841  0.006899   0.09888         9       640 9.637e-05  0.005172 5.662e-06 7.461e-07    0.1104     0.222   0.08433
   167/599     1.63G    0.0515   0.03842  0.005827   0.09575         8       640    0.4001  0.008163 5.428e-06 7.518e-07    0.1134    0.7302    0.2242
   168/599     1.63G   0.05581   0.03881  0.009088    0.1037        23       640 0.0005117   0.00753 2.082e-05 4.852e-06    0.1233     97.69    0.6037
   169/599     1.63G   0.06053   0.04011   0.01046    0.1111        13       640         0         0         0         0    0.1378     118.7    0.7466
   170/599     1.63G   0.06488   0.04445   0.01367     0.123        21       640 0.0002169   0.04655 6.447e-05 8.857e-06    0.1197     123.6    0.2321
   171/599     1.63G   0.06629   0.04406   0.01282    0.1232        29       640         0         0         0         0    0.1346     719.2     2.452
   172/599     1.63G   0.07427   0.04641    0.0165    0.1372        18       640 8.664e-05   0.01695 6.822e-06 1.103e-06    0.1288      2545      16.9
   173/599     1.63G   0.08179   0.05212   0.02524    0.1592        21       640         0         0         0         0    0.1387      4397     22.07
   174/599     1.63G   0.09377   0.07091   0.04096    0.2056        14       640         0         0         0         0    0.1419     27.11     28.63
   175/599     1.63G   0.09981    0.0889   0.04636    0.2351        20       640         0         0         0         0       nan       nan       nan
   176/599     1.63G    0.1009   0.08556   0.04854     0.235        12       640         0         0         0         0       nan       nan       nan
   177/599     1.63G    0.1023   0.08589   0.04906    0.2373        27       640         0         0         0         0    0.1617     891.9     23.29
   178/599     1.63G    0.1009   0.09264   0.04702    0.2406        15       640 1.779e-05  0.001724 3.096e-07 3.096e-08    0.1484     66.35     3.917
   179/599     1.63G    0.1012   0.09285   0.04584    0.2399        16       640 6.498e-05  0.007213  1.36e-05 3.395e-06    0.1285      14.7    0.9052
   180/599     1.63G    0.1014   0.09466   0.04642    0.2425        24       640 1.024e-05  0.001724 1.333e-07 2.666e-08    0.1127     7.207   0.07477
   181/599     1.63G     0.101   0.09202   0.04671    0.2398        17       640  1.25e-05  0.004082  3.17e-07 6.341e-08    0.1318     67.54    0.1666
   182/599     1.63G    0.1014   0.08326   0.04468    0.2293         7       640         0         0         0         0    0.1365     192.6    0.3848
   183/599     1.63G     0.101    0.1023   0.04522    0.2485         9       640         0         0         0         0    0.1116       156    0.1323
   184/599     1.63G    0.1006    0.1166    0.0447    0.2619        15       640         0         0         0         0    0.1154      40.1   0.08671
   185/599     1.63G     0.101    0.1424   0.04507    0.2884        16       640 6.611e-05     0.025 9.984e-06 1.118e-06     0.119     120.9    0.1549
   186/599     1.63G    0.1007    0.1403   0.04335    0.2844        26       640         0         0         0         0    0.1284       153    0.3791
   187/599     1.63G     0.101    0.1282   0.04445    0.2736         9       640         0         0         0         0    0.1202     74.57    0.1594
   188/599     1.63G    0.0999    0.1358   0.04376    0.2794        13       640         0         0         0         0    0.1301     68.21    0.2134
   189/599     1.63G   0.09971    0.1885   0.04374     0.332        17       640         0         0         0         0    0.1252     43.95     0.112
   190/599     1.63G    0.1008    0.2208   0.04389    0.3654        11       640 6.397e-05   0.01207 4.183e-06 5.781e-07   0.09872     1.495   0.04692
   191/599     1.63G    0.1001    0.2445   0.04461    0.3893        19       640 0.0001178  0.008621 5.482e-06 1.554e-06    0.1101     1.949   0.05936
   192/599     1.63G    0.1014    0.2664   0.04592    0.4137        38       640 0.0001104  0.003448 2.245e-06 2.871e-07    0.1128     1.113   0.07604
   193/599     1.63G    0.1006    0.2699   0.04741    0.4179        16       640         0         0         0         0    0.1206     2.079    0.0989
   194/599     1.63G    0.1014    0.3976   0.04762    0.5466        24       640         0         0         0         0    0.1219    0.6159     1.521
   195/599     1.63G    0.1015    0.3536   0.04631    0.5014        11       640 0.0001305   0.01414 6.472e-06 1.379e-06    0.1209     2.094     1.171
   196/599     1.63G    0.1004    0.3888   0.04754    0.5368        14       640         0         0         0         0    0.1211    0.8599    0.4458
   197/599     1.63G    0.1006    0.3004   0.04932    0.4503        18       640    0.4046  0.002041 7.325e-05 7.325e-06    0.1134    0.4371   0.07931
   198/599     1.63G    0.1004    0.3436   0.04818    0.4922         4       640         0         0         0         0    0.1063    0.9225   0.05747
   199/599     1.63G    0.1006    0.3206   0.04657    0.4678        19       640    0.2001  0.008621 6.346e-06 1.335e-06    0.1036     1.518    0.1093
   200/599     1.63G    0.1005    0.3236   0.04609    0.4702         6       640     0.602   0.01552 0.0003853 6.663e-05    0.1014     1.628   0.08209
   201/599     1.63G    0.1002    0.2626    0.0456    0.4084        12       640    0.8007   0.01379 0.0001967 3.167e-05   0.09844    0.6988   0.05395
   202/599     1.63G    0.1001    0.2608   0.04654    0.4074        12       640    0.4014  0.006897 9.807e-05 1.576e-05   0.09591    0.5797   0.04355
   203/599     1.63G    0.1002    0.2912   0.04619    0.4375        26       640    0.4001  0.005172 1.131e-05 1.961e-06   0.09457    0.5906   0.04032
   204/599     1.63G   0.09989    0.2879   0.04635    0.4341        23       640       0.4  0.005172 8.269e-07 1.335e-07   0.09416     0.536   0.03962
   205/599     1.63G   0.09999    0.2601   0.04536    0.4054        17       640       0.4  0.006897 1.294e-06 1.294e-07   0.09642    0.3542   0.03897
   206/599     1.63G   0.09973    0.2873   0.04602    0.4331        15       640       0.8  0.003448  4.18e-07 5.382e-08   0.09673    0.5375   0.03965
   207/599     1.63G    0.1003    0.3813   0.04639     0.528        21       640      0.41   0.01178 0.0004754   0.00019   0.09484     0.515   0.04007
   208/599     1.63G   0.09988    0.2565    0.0469    0.4033         8       640         0         0         0         0   0.09479    0.3721   0.03997
   209/599     1.63G   0.09963    0.2357   0.04724    0.3826        31       640       0.8  0.001724  1.37e-07  5.48e-08   0.09437      0.41   0.04011
   210/599     1.63G   0.09924    0.2441   0.04694    0.3903        10       640       0.8  0.001724 1.245e-07 3.736e-08   0.09438    0.4131   0.04017
   211/599     1.63G   0.09935    0.2382   0.04627    0.3839        18       640         0         0         0         0   0.09355    0.4456   0.03976
   212/599     1.63G   0.09906    0.2343   0.04682    0.3802        14       640    0.2078  0.008333 0.0003792 0.0001517   0.09489    0.4251   0.04039
   213/599     1.63G   0.09952    0.2636   0.04575    0.4089        15       640    0.2015   0.01006 6.809e-05 2.716e-05   0.09476    0.5524   0.04091
   214/599     1.63G    0.1002    0.3319   0.04559    0.4777        21       640    0.2018  0.008333 8.266e-05  2.48e-05   0.09458    0.5649   0.04034
   215/599     1.63G   0.09989    0.3522   0.04564    0.4978        23       640     0.201  0.008333 5.061e-05 1.518e-05   0.09453    0.5332   0.03971
   216/599     1.63G    0.1001    0.4056   0.04528     0.551         8       640     0.203   0.01351 0.0001401 4.187e-05    0.0935    0.5996    0.0397
   217/599     1.63G   0.09964    0.5061   0.04615    0.6519        37       640       0.4  0.003448 4.876e-07 1.596e-07   0.09346    0.6447   0.04033
   218/599     1.63G   0.09885    0.5533   0.04708    0.6992        11       640       0.6  0.001724 1.697e-07 8.486e-08   0.09354    0.5784   0.04043
   219/599     1.63G   0.09964    0.4558   0.04688    0.6023        13       640       0.6  0.001724 5.334e-07 1.364e-07   0.09357    0.5061   0.04117
   220/599     1.63G   0.09977    0.4185   0.04663    0.5649         4       640       0.2  0.005172 1.062e-06 1.973e-07   0.09371    0.4891   0.04155
   221/599     1.63G    0.1004    0.4383   0.04649    0.5852        14       640    0.2001   0.01724 8.916e-06 1.437e-06   0.09415    0.5162   0.04121
   222/599     1.63G   0.09971    0.4586   0.04627    0.6046        12       640    0.2001   0.01552 7.016e-06 1.118e-06   0.09482     0.521   0.04216
   223/599     1.63G   0.09915    0.4599   0.04611    0.6051        27       640       0.2  0.001724 1.673e-07 8.366e-08    0.0947    0.5609    0.0421
   224/599     1.63G   0.09958    0.4883   0.04557    0.6334        15       640 3.643e-05  0.003448 1.113e-06 3.561e-07   0.09357    0.6276   0.04002
   225/599     1.63G   0.09953    0.5292   0.04612    0.6748         8       640       0.2  0.001724 1.724e-07 3.448e-08   0.09397    0.6887   0.03992
   226/599     1.63G   0.09953    0.5197   0.04643    0.6657        31       640    0.4006   0.03736 6.241e-05 9.248e-06   0.09378    0.6071   0.04004
   227/599     1.63G   0.09901    0.4496   0.04716    0.5958         9       640       0.2  0.005172   1.1e-06 1.827e-07   0.09373    0.5973   0.04066
   228/599     1.63G   0.09933    0.4547   0.04722    0.6013        27       640         0         0         0         0   0.09486    0.6212   0.04299
   229/599     1.63G   0.09914    0.4577   0.04645    0.6033        41       640         0         0         0         0   0.09421    0.6128   0.04303
   230/599     1.63G   0.09925    0.4674   0.04616    0.6128        18       640    0.2001   0.01006 5.546e-06 2.756e-06    0.0938    0.6701   0.04147
   231/599     1.63G   0.09982    0.4717   0.04662    0.6181        32       640    0.4003  0.008333 1.646e-05 4.939e-06   0.09385    0.5673   0.04053
   232/599     1.63G   0.09896    0.4035   0.04631    0.5487        14       640    0.2004  0.008333 1.863e-05 5.589e-06   0.09379    0.4857   0.04001
   233/599     1.63G    0.1001    0.4117   0.04613    0.5579        23       640 0.0001265  0.008333 6.052e-06 3.026e-06    0.0935    0.4742   0.04046
   234/599     1.63G   0.09894    0.3965   0.04631    0.5418        17       640    0.4001  0.008333 3.036e-06 9.107e-07   0.09461    0.4854   0.04154
   235/599     1.63G    0.1001    0.3964    0.0456    0.5422        10       640       0.4  0.008333 1.563e-06 3.126e-07   0.09438     0.451   0.04171
   236/599     1.63G   0.09893    0.4259   0.04605    0.5709        15       640       0.2  0.008333 1.006e-06 3.018e-07   0.09431     0.467   0.04198
   237/599     1.63G    0.0994    0.4845   0.04544    0.6293        20       640 0.0001117  0.008333 6.271e-06 6.622e-07   0.09494     0.475   0.04258
   238/599     1.63G   0.09952    0.5171   0.04683    0.6635        13       640 0.0003952  0.004082 9.921e-06 1.984e-06   0.09565    0.5235   0.04631
   239/599     1.63G   0.09877     0.529   0.04731    0.6751        21       640     0.211  0.004082 0.0002952 3.126e-05   0.09626    0.4556   0.04914
   240/599     1.63G   0.09941    0.5503   0.04676    0.6965        15       640 0.0001093    0.0165 5.086e-06  1.42e-06   0.09459    0.4223   0.04631
   241/599     1.63G   0.09882    0.6102   0.04759    0.7566        37       640 0.0008687   0.02825 0.0001217 2.178e-05   0.09473    0.4519   0.04313
   242/599     1.63G   0.09991    0.7077   0.04674    0.8544        26       640 0.0009886   0.05208 0.0001864 2.504e-05   0.09404    0.5715   0.04041
   243/599     1.63G   0.09949     0.777   0.04671    0.9232        21       640    0.2002   0.01034 1.169e-05 1.961e-06    0.0947    0.6953   0.04044
   244/599     1.63G    0.0999    0.8422   0.04655    0.9887        18       640 0.0002004   0.02759 2.859e-05 4.679e-06   0.09434    0.7992   0.04096
   245/599     1.63G   0.09949     1.417   0.05112     1.567        15       640    0.4005  0.001724 1.368e-05 2.866e-06   0.09484    0.4015   0.05249
   246/599     1.63G     0.101    0.3126   0.05987    0.4735        15       640 2.296e-05  0.008333 1.072e-06 6.432e-07   0.09586    0.2908   0.05981
   247/599     1.63G   0.09976    0.3496   0.05308    0.5025        29       640 2.414e-05  0.008333 1.124e-06 6.741e-07   0.09516    0.3739   0.04663
   248/599     1.63G   0.09938    0.4083   0.04544    0.5531        16       640         0         0         0         0   0.09433     0.477   0.03916
   249/599     1.63G   0.09929    0.4538   0.04426    0.5973        26       640 0.0001029  0.008333 4.819e-06 2.409e-06   0.09455    0.6294   0.03892
   250/599     1.63G   0.09948     0.462   0.04457    0.6061        22       640         0         0         0         0   0.09407     0.606   0.03794
   251/599     1.63G   0.09963    0.5453   0.04394    0.6888        26       640 9.655e-05   0.01379 7.008e-06 1.163e-06   0.09339     0.529   0.03741
   252/599     1.63G   0.09979    0.4546   0.04412    0.5985        10       640         0         0         0         0   0.09309    0.5088   0.03894
   253/599     1.63G   0.09938    0.5057   0.04592     0.651        20       640         0         0         0         0   0.09399    0.6078   0.04285
   254/599     1.63G   0.09892    0.5219   0.04639    0.6672        13       640         0         0         0         0   0.09398    0.6243   0.04274
   255/599     1.63G   0.09813    0.5189   0.04717    0.6642        14       640         0         0         0         0   0.09478    0.5738   0.04341
   256/599     1.63G   0.09899    0.4845   0.04656      0.63        19       640 0.0001679  0.005806 4.349e-06 1.165e-06   0.09402    0.5558    0.0401
   257/599     1.63G   0.09905    0.4963   0.04682    0.6422         8       640    0.2003   0.02572 2.278e-05 3.933e-06   0.09427    0.6249   0.03931
   258/599     1.63G     0.099    0.4772   0.04744    0.6237        13       640    0.4043  0.001724 5.339e-05 8.993e-06   0.09639     1.772   0.03947
   259/599     1.63G   0.09948    0.5276   0.04713    0.6742        27       640    0.4001   0.01224 5.313e-06     1e-06   0.09494    0.6709   0.04086
   260/599     1.63G    0.0985    0.6804   0.05062    0.8295        15       640    0.2007   0.07069 0.0002464 3.691e-05   0.09387    0.8609   0.04526
   261/599     1.63G   0.09842    0.7439   0.04609    0.8884        18       640    0.6013   0.01897 0.0002137 2.513e-05    0.0944    0.7707   0.04054
   262/599     1.63G   0.09929    0.7733   0.04474    0.9174         9       640    0.2002  0.003448 8.387e-06 1.265e-06    0.1018     0.751   0.05192
   263/599     1.63G    0.1007    0.7935   0.04667    0.9409        19       640    0.4004  0.001724 3.435e-05 4.881e-06   0.09586    0.9554   0.04144
   264/599     1.63G    0.1004    0.7482   0.04737     0.896        26       640    0.2025  0.001724 5.269e-05 5.922e-06   0.09699    0.6556   0.04773
   265/599     1.63G    0.1006     1.041   0.04809      1.19        15       640    0.4005   0.05724 8.868e-05 1.914e-05   0.09551    0.7449   0.04581
   266/599     1.63G   0.09959    0.7128   0.04987    0.8622        17       640    0.2002   0.01161 5.913e-06 7.399e-07    0.1025    0.8261   0.05939
   267/599     1.63G    0.1003    0.7657   0.05131    0.9174        31       640    0.2018   0.05612 0.0002859 3.155e-05     0.106    0.9195    0.1148
   268/599     1.63G    0.1004    0.7274   0.05093    0.8788        24       640 8.577e-05   0.01178  3.79e-06 6.943e-07    0.1103     1.897    0.2318
   269/599     1.63G   0.09936    0.6802   0.04977    0.8293        23       640 7.016e-05     0.025 9.306e-06 1.494e-06    0.1239    0.2393    0.2697
   270/599     1.63G   0.09926    0.6527   0.04927    0.8012        19       640       0.2   0.01667 4.163e-06 4.163e-07    0.1209    0.2124    0.2117
   271/599     1.63G    0.1009    0.6867   0.05067    0.8383        12       640 7.429e-05   0.01207 4.932e-06 7.417e-07    0.1125    0.2427    0.1218
   272/599     1.63G    0.1006    0.7513   0.05303     0.905        32       640    0.4499  0.008324  0.002251 0.0002251    0.1065    0.6157   0.09079
   273/599     1.63G    0.1006    0.6707   0.05324    0.8245        18       640 0.0002324   0.01241  7.67e-06 2.361e-06    0.1088     0.698    0.1052
   274/599     1.63G    0.1006    0.7873   0.05345    0.9414        22       640 1.565e-05  0.008333   7.3e-07   7.3e-08    0.1007    0.5633   0.08055
   275/599     1.63G    0.1002    0.7746   0.05238    0.9272        16       640       0.2  0.001724 2.003e-07 6.009e-08   0.09675    0.4974    0.0641
   276/599     1.63G    0.1005    0.7952   0.05254    0.9482        21       640  0.001088  0.008333 5.012e-05 5.012e-06   0.09402     0.507   0.04714
   277/599     1.63G    0.1003      0.75    0.0514    0.9017        17       640         0         0         0         0   0.09393    0.4729   0.04519
   278/599     1.63G    0.1006    0.7585   0.05147    0.9106        18       640         0         0         0         0   0.09477    0.4321   0.04417
   279/599     1.63G    0.1008    0.7019   0.05066    0.8534        26       640         0         0         0         0   0.09448      0.39   0.04368
   280/599     1.63G    0.1017    0.7145   0.05111    0.8673        13       640         0         0         0         0   0.09517    0.3782   0.04382
   281/599     1.63G    0.1007     0.728   0.05104    0.8797        29       640         0         0         0         0   0.09623    0.3565   0.04696
   282/599     1.63G    0.1008    0.7613   0.05152    0.9136        47       640         0         0         0         0   0.09764      1.45   0.04654
   283/599     1.63G    0.1002     0.803   0.05147    0.9546        23       640         0         0         0         0   0.09505    0.8499   0.04798
   284/599     1.63G       0.1     1.009   0.05193     1.161         9       640 8.822e-06  0.001724 1.171e-07 2.342e-08    0.1023    0.2288   0.04445
   285/599     1.63G    0.1009     1.002   0.05194     1.155        15       640         0         0         0         0    0.0985    0.3122   0.04548
   286/599     1.63G    0.1009    0.9992   0.05257     1.153        12       640         0         0         0         0    0.1051    0.7639    0.1208
   287/599     1.63G    0.1013     1.057   0.05251      1.21        13       640         0         0         0         0     0.102    0.7771   0.07945
   288/599     1.63G    0.1012     1.123   0.05327     1.278        16       640 0.0001216  0.004082  3.11e-06  3.11e-07   0.09697    0.6333   0.05949
   289/599     1.63G     0.101     1.131   0.05476     1.287        27       640 5.088e-05  0.004082 1.314e-06 7.886e-07   0.09649    0.5544    0.0538
   290/599     1.63G    0.1008     1.181   0.05526     1.337        15       640 0.0004328   0.01839 3.601e-05 5.479e-06   0.09506    0.4663   0.04895
   291/599     1.63G    0.1012     1.164   0.05553     1.321        21       640 6.683e-05  0.005172  2.06e-06 5.316e-07   0.09437    0.3995   0.05089
   292/599     1.63G    0.1005     1.183   0.05564     1.339        22       640    0.2005  0.001724 5.019e-06 1.795e-06   0.09608    0.4069   0.05094
   293/599     1.63G    0.1015     1.199   0.05502     1.355        41       640         0         0         0         0   0.09738    0.5163   0.05078
   294/599     1.63G    0.1018     1.171   0.05553     1.329        14       640    0.2006  0.001724 6.073e-06 6.073e-07   0.09588    0.6859   0.05189
   295/599     1.63G    0.1011     1.185   0.05559     1.341        19       640       0.2  0.002041 3.217e-07 3.217e-08   0.09691    0.7895   0.05202
   296/599     1.63G    0.1011     1.202   0.05552     1.359        21       640    0.4001  0.002041 1.967e-06 2.686e-07   0.09583    0.8784   0.05091
   297/599     1.63G    0.1007     1.213   0.05536     1.369        12       640    0.4001  0.004082 2.234e-06 3.106e-07   0.09517    0.9513    0.0508
   298/599     1.63G    0.1016     1.186   0.05554     1.343        16       640    0.4001  0.004082 2.467e-06 3.108e-07   0.09618    0.9839   0.05141
   299/599     1.63G    0.1016     1.175    0.0557     1.332        21       640    0.6001  0.006122 3.699e-06 3.699e-07   0.09599     1.011   0.05173
   300/599     1.63G    0.1014     1.137   0.05556     1.294        10       640    0.4001  0.008163 4.094e-06 5.074e-07   0.09525     1.026   0.05138
   301/599     1.63G    0.1005     1.141   0.05618     1.298        15       640    0.2001  0.008163 2.595e-06 2.852e-07   0.09606     1.033   0.05181
   302/599     1.63G    0.1008     1.146   0.05604     1.303        27       640    0.2002  0.007847 3.811e-06 4.036e-07   0.09479     1.044   0.05163
   303/599     1.63G    0.1012     1.123   0.05641      1.28        18       640    0.2002  0.005806 2.532e-06 2.532e-07   0.09475      1.04   0.05176
   304/599     1.63G    0.1004     1.118   0.05619     1.274        17       640    0.2001  0.005806 2.285e-06 2.673e-07   0.09596     1.045    0.0516
   305/599     1.63G    0.1008     1.171   0.05585     1.327         9       640       0.2  0.004082 1.557e-06 1.894e-07   0.09521      1.05    0.0513
   306/599     1.63G     0.101     1.172   0.05552     1.328         7       640    0.4002  0.005806 3.618e-06 3.922e-07   0.09524     1.048   0.05103
   307/599     1.63G    0.1014     1.223   0.05591      1.38        26       640       0.2  0.004082 6.728e-07 9.756e-08   0.09606     1.051    0.0516
   308/599     1.63G    0.1009     1.185   0.05593     1.341        18       640    0.4001  0.006122 2.704e-06 3.712e-07   0.09427     1.047   0.05181
   309/599     1.63G    0.1018      1.17   0.05645     1.328         9       640    0.4001  0.008163 2.347e-06 2.347e-07   0.09582     1.053   0.05147
   310/599     1.63G    0.1003     1.179   0.05593     1.335        12       640    0.2001  0.003765 1.824e-06 2.032e-07   0.09526     1.053   0.05173
   311/599     1.63G    0.1011     1.188   0.05623     1.345         9       640    0.2001  0.003765 2.229e-06 2.663e-07   0.09628     1.047   0.05258
   312/599     1.63G    0.1013     1.216   0.05619     1.374        26       640       0.2  0.002041  8.61e-07  8.61e-08   0.09714      1.05   0.05289
   313/599     1.63G    0.1006     1.197   0.05635     1.354        14       640 6.299e-05  0.005806 1.568e-06 1.889e-07   0.09657     1.047   0.05205
   314/599     1.63G    0.1006     1.213   0.05619      1.37        21       640    0.2001  0.005806  1.51e-06 2.267e-07    0.0955     1.049   0.05143
   315/599     1.63G    0.1004     1.195   0.05619     1.352        26       640    0.4001  0.005806 2.414e-06 2.414e-07   0.09439     1.047   0.05154
   316/599     1.63G    0.1011     1.197   0.05633     1.354        10       640    0.4001  0.003765 2.147e-06 2.147e-07   0.09505     1.047   0.05234
   317/599     1.63G    0.1009     1.199   0.05636     1.356        26       640 0.0001547   0.01334 5.815e-06 7.099e-07   0.09392     1.065   0.05185
   318/599     1.63G    0.1005     1.173   0.05578      1.33        22       640    0.2001  0.004082 1.359e-06 1.359e-07    0.0957      1.05   0.05139
   319/599     1.63G    0.1011     1.195   0.05598     1.352        13       640       0.2  0.004082 1.278e-06 1.662e-07   0.09563     1.062   0.05157
   320/599     1.63G    0.1011       1.2   0.05604     1.357        29       640    0.2001  0.008163 2.823e-06 3.062e-07   0.09574     1.044   0.05155
   321/599     1.63G    0.1017     1.214   0.05611     1.372        14       640       0.4  0.006122 1.407e-06 1.649e-07   0.09518     1.048   0.05149
   322/599     1.63G     0.101     1.186   0.05594     1.343        20       640    0.2001  0.009571 3.048e-06 3.531e-07    0.0947      1.05   0.05182
   323/599     1.63G    0.1008      1.19   0.05624     1.347        29       640    0.2001  0.009571 3.045e-06 3.364e-07   0.09538     1.045   0.05207
   324/599     1.63G   0.09977     1.183   0.05614     1.339        34       640       0.4  0.004082 1.646e-06 1.646e-07   0.09536      1.04   0.05248
   325/599     1.63G    0.1002     1.167    0.0564     1.324        21       640 7.316e-05  0.007847 2.141e-06 2.984e-07   0.09548     1.042   0.05219
   326/599     1.63G    0.1013     1.189   0.05648     1.347        18       640    0.2001  0.005806  1.87e-06  1.87e-07   0.09589     1.048   0.05172
   327/599     1.63G    0.1011     1.191   0.05654     1.348        18       640 7.252e-05  0.007847 2.172e-06 2.547e-07    0.0952      1.04    0.0515
   328/599     1.63G    0.1008     1.196    0.0562     1.353        16       640  6.99e-05  0.007847 2.106e-06 2.106e-07   0.09492     1.032   0.05143
   329/599     1.63G    0.1004     1.188   0.05596     1.344         8       640 6.085e-05  0.005806 2.013e-06 2.013e-07     0.095     1.035   0.05112
   330/599     1.63G    0.1007      1.15   0.05581     1.306        28       640       0.4  0.004082  1.74e-06 2.141e-07   0.09593     1.048   0.05109
   331/599     1.63G    0.1002     1.126   0.05616     1.283        20       640    0.2001  0.005806 2.503e-06 2.904e-07   0.09559     1.041   0.05153
   332/599     1.63G    0.1013     1.156   0.05665     1.314        25       640  6.06e-05  0.005806 1.735e-06 1.735e-07   0.09617     1.025   0.05214
   333/599     1.63G    0.1005     1.164   0.05662     1.321        25       640    0.2001  0.005806 3.307e-06 3.818e-07   0.09595     1.031   0.05267
   334/599     1.63G    0.1012     1.135   0.05649     1.292         5       640  7.25e-05  0.007847 2.355e-06 2.793e-07   0.09549     1.026   0.05263
   335/599     1.63G    0.1001     1.168   0.05647     1.325        25       640    0.2041  0.004082 0.0001248 4.396e-05    0.0951     1.031    0.0528
   336/599     1.63G    0.1006     1.136    0.0563     1.293        16       640    0.2033  0.008163 0.0002335 9.967e-05   0.09475      1.03   0.05227
   337/599     1.63G    0.1002     1.171    0.0558     1.327        11       640    0.2033  0.008163 0.0001772   7.9e-05   0.09468     1.037   0.05137
   338/599     1.63G    0.1008     1.143   0.05581       1.3        19       640    0.4036  0.004082  0.000126 2.688e-05   0.09558     1.026   0.05109
   339/599     1.63G    0.1004     1.157   0.05591     1.313        12       640    0.2025  0.006122 6.656e-05 1.961e-05   0.09606     1.026    0.0515
   340/599     1.63G    0.1007     1.159   0.05621     1.315        14       640 0.0001257  0.009571 3.961e-06 5.017e-07   0.09506     1.022   0.05236
   341/599     1.63G    0.1006     1.186   0.05612     1.343        25       640 9.055e-05  0.009887 3.005e-06 3.709e-07   0.09475      1.03   0.05232
   342/599     1.63G    0.1011     1.146   0.05629     1.304        24       640  0.002121  0.008333 0.0001011 1.015e-05   0.09543      1.03    0.0518
   343/599     1.63G    0.1008     1.152   0.05617     1.309        18       640 0.0001156  0.005806 2.611e-06     3e-07   0.09506      1.02   0.05097
   344/599     1.63G     0.102     1.186   0.05596     1.344        12       640    0.2056  0.008333 0.0004374 4.376e-05    0.0956     1.016   0.05109
   345/599     1.63G    0.1008     1.175   0.05587     1.332        25       640 4.422e-05  0.004082 1.572e-06 2.767e-07   0.09568      1.02   0.05182
   346/599     1.63G    0.1007     1.165    0.0559     1.321        11       640 0.0001077  0.005806 2.472e-06 2.846e-07   0.09489     1.022   0.05157
   347/599     1.63G   0.09995     1.114   0.05563      1.27        18       640  0.002104  0.008163 5.498e-05 2.129e-05    0.0947     1.019     0.051
   348/599     1.63G    0.1004     1.143   0.05575     1.299        22       640  0.002231    0.0102 5.776e-05 2.828e-05    0.0947     1.018    0.0514
   349/599     1.63G    0.1011     1.176    0.0558     1.333        19       640    0.2023  0.004082 5.994e-05 2.357e-05   0.09505     1.013   0.05172
   350/599     1.63G    0.1007     1.169   0.05583     1.326        15       640  0.005888   0.01822 0.0002729 3.371e-05   0.09589     1.003   0.05166
   351/599     1.63G    0.1002     1.153   0.05555     1.309        15       640   0.00345    0.0165 0.0001279 3.358e-05   0.09521     1.023   0.05144
   352/599     1.63G    0.1009     1.154   0.05528     1.311        12       640  0.002829  0.008163 7.441e-05 2.907e-05   0.09565     1.001   0.05081
   353/599     1.63G    0.1005     1.154   0.05505     1.309        21       640    0.4016  0.008333 7.439e-05 1.464e-05   0.09527     1.011   0.05014
   354/599     1.63G     0.101     1.155   0.05483     1.311        27       640    0.4013  0.008333 7.267e-05 1.435e-05   0.09553     1.015   0.05002
   355/599     1.63G   0.09989     1.143   0.05483     1.298        14       640    0.4012  0.008333 5.592e-05 5.633e-06   0.09549     1.007   0.05014
   356/599     1.63G    0.1011     1.103    0.0551      1.26        20       640    0.2008   0.01037  4.01e-05  4.01e-06   0.09489     1.012    0.0506
   357/599     1.63G    0.1009     1.135   0.05563     1.291        14       640       0.2  0.004082 1.599e-06 1.599e-07   0.09635     1.008   0.05098
   358/599     1.63G   0.09966     1.137   0.05489     1.291         4       640    0.2001  0.004082 1.747e-06 2.164e-07   0.09513     1.017   0.05064
   359/599     1.63G       0.1     1.113   0.05525     1.268        19       640 4.622e-05  0.004082  1.52e-06 1.874e-07   0.09515     1.012   0.05044
   360/599     1.63G    0.1008     1.166   0.05497     1.322        24       640    0.2008   0.01241 3.766e-05 3.766e-06   0.09527     1.007   0.05026
   361/599     1.63G    0.1001     1.171   0.05497     1.326        21       640       0.2  0.004082 1.225e-06 1.225e-07   0.09533     1.008   0.05068
   362/599     1.63G    0.1011     1.155   0.05489     1.311        26       640 5.552e-05  0.004082 1.425e-06 1.853e-07   0.09651    0.9982   0.05129
   363/599     1.63G    0.1011     1.128    0.0549     1.284        13       640  0.002267  0.004082  5.96e-05  5.96e-06   0.09658     0.997   0.05117
   364/599     1.63G    0.1008     1.163   0.05496     1.318        17       640   0.00281  0.004082 7.758e-05 1.536e-05    0.0963     1.008   0.05092
   365/599     1.63G    0.1001     1.165   0.05544      1.32        15       640  0.003167  0.004082 0.0001137 2.733e-05   0.09582     0.995   0.05131
   366/599     1.63G    0.1009     1.134   0.05533      1.29        26       640  0.002157   0.01241 0.0001162 2.682e-05   0.09628     1.003   0.05146
   367/599     1.63G   0.09976     1.152   0.05539     1.308        18       640  0.002858  0.004082 7.434e-05 7.472e-06    0.0952     1.005   0.05121
   368/599     1.63G    0.1002     1.118   0.05501     1.273         9       640  0.002969  0.004082 7.871e-05 1.547e-05   0.09438     1.006   0.05074
   369/599     1.63G    0.1004     1.112   0.05521     1.268        15       640  0.003395   0.01241 0.0001148 3.365e-05   0.09523    0.9943   0.05017
   370/599     1.63G    0.1008     1.146   0.05467     1.301        33       640  0.002673  0.004082 6.988e-05 2.058e-05   0.09554    0.9928   0.05025
   371/599     1.63G    0.1003     1.134   0.05496      1.29        14       640  0.003256    0.0165  0.000101  2.46e-05   0.09489    0.9979   0.05082
   372/599     1.63G    0.1004      1.14   0.05492     1.295        11       640    0.4008  0.008333 3.961e-05     4e-06   0.09578     1.002     0.051
   373/599     1.63G    0.1008     1.141   0.05511     1.297         7       640 3.599e-05  0.002041 1.269e-06 1.269e-07   0.09596    0.9959   0.05106
   374/599     1.63G    0.1001     1.132   0.05497     1.287        18       640    0.2008  0.008333 3.955e-05 4.037e-06    0.0948    0.9907   0.05121
   375/599     1.63G    0.1009     1.137   0.05482     1.293        21       640    0.2007  0.008333 3.484e-05 3.522e-06   0.09727    0.9931   0.05094
   376/599     1.63G    0.1014     1.124   0.05496      1.28        14       640  0.001312   0.02279 6.532e-05 1.057e-05   0.09664    0.9834    0.0507
   377/599     1.63G    0.1006     1.107   0.05494     1.262         4       640  0.001018    0.0165 4.741e-05 4.789e-06   0.09612    0.9894   0.05065
   378/599     1.63G     0.101     1.106     0.055     1.262        10       640   0.00339    0.0165 0.0001107 2.922e-05   0.09625    0.9834   0.05087
   379/599     1.63G    0.1004     1.124   0.05479     1.279        19       640  0.002292   0.02058 0.0001327 2.125e-05   0.09564    0.9914   0.05105
   380/599     1.63G   0.09968     1.111   0.05526     1.266        11       640  0.003069  0.004082 8.866e-05 2.619e-05   0.09516     0.997   0.05118
   381/599     1.63G       0.1     1.116   0.05484     1.271        18       640    0.2037  0.004082 9.457e-05 2.802e-05   0.09508    0.9917   0.05072
   382/599     1.63G    0.1008     1.057   0.05505     1.213        17       640    0.2037  0.004082 9.747e-05 2.904e-05   0.09477    0.9942   0.05013
   383/599     1.63G    0.1009     1.117   0.05517     1.273        17       640    0.2034  0.004082 9.341e-05 1.844e-05    0.0961    0.9826   0.05023
   384/599     1.63G    0.1008     1.138   0.05526     1.294        35       640  0.002419  0.008163 8.206e-05 2.436e-05   0.09619     0.979   0.05074
   385/599     1.63G   0.09953     1.098   0.05562     1.253        12       640 0.0001236  0.005806 2.245e-06 2.612e-07   0.09597    0.9828   0.05101
   386/599     1.63G    0.1007     1.135   0.05541     1.291        15       640   0.00158   0.01446 7.417e-05  1.47e-05   0.09608    0.9923   0.05154
   387/599     1.63G       0.1     1.142   0.05544     1.298         9       640  0.001738   0.01241 8.069e-05 8.069e-06   0.09513    0.9882   0.05142
   388/599     1.63G       0.1     1.113   0.05569     1.269        13       640 3.888e-05  0.002041 8.737e-07 8.737e-08   0.09616    0.9818   0.05129
   389/599     1.63G   0.09983     1.128   0.05591     1.284        12       640    0.2035  0.004082 9.849e-05 2.918e-05   0.09582    0.9911   0.05149
   390/599     1.63G    0.1011     1.122   0.05578     1.279        18       640    0.2037  0.004082 0.0001269 3.232e-05   0.09605    0.9943   0.05146
   391/599     1.63G    0.1003     1.109   0.05518     1.264        24       640    0.2047   0.02075  0.000227 3.382e-05   0.09566    0.9873   0.05099
   392/599     1.63G   0.09972     1.125   0.05508      1.28        12       640    0.2039   0.01241 0.0001312 3.139e-05   0.09497    0.9885    0.0501
   393/599     1.63G    0.1002     1.109     0.055     1.264        32       640    0.6008  0.008333 3.906e-05 3.906e-06   0.09582      0.98   0.04995
   394/599     1.63G   0.09996     1.134   0.05489     1.289        19       640 2.626e-05  0.002041 6.721e-07 1.076e-07   0.09575    0.9848   0.05061
   395/599     1.63G    0.1004     1.111   0.05495     1.266        23       640    0.6009  0.008333 4.203e-05 8.273e-06   0.09663    0.9814   0.05071
   396/599     1.63G    0.1007     1.117   0.05534     1.273        16       640    0.4006  0.008333 2.825e-05 2.825e-06   0.09559    0.9797   0.05074
   397/599     1.63G    0.1011     1.095   0.05572     1.252        17       640  0.001176  0.006122 3.354e-05 9.928e-06   0.09652    0.9685   0.05119
   398/599     1.63G    0.1003     1.099   0.05574     1.255        15       640    0.2039  0.004082 0.0001044 2.089e-05   0.09654    0.9801   0.05154
   399/599     1.63G    0.1005     1.081   0.05556     1.237        13       640  0.003368   0.02279 0.0002933 5.317e-05   0.09636    0.9783   0.05159
   400/599     1.63G    0.1007     1.084   0.05526      1.24        20       640    0.2028   0.01241 0.0001041 2.277e-05    0.0951    0.9706   0.05118
   401/599     1.63G    0.1005     1.119   0.05522     1.275        10       640     0.203   0.01241 0.0001018 2.858e-05   0.09497    0.9686   0.05056
   402/599     1.63G    0.1001     1.092   0.05525     1.248        20       640    0.2023  0.004082 6.033e-05  1.79e-05   0.09503    0.9771   0.05055
   403/599     1.63G    0.1002     1.087   0.05553     1.243         9       640    0.2022  0.004082 6.101e-05 1.821e-05   0.09611    0.9791   0.05092
   404/599     1.63G    0.1002     1.096   0.05541     1.252        14       640    0.2026  0.004082 7.762e-05 1.539e-05   0.09581    0.9675   0.05127
   405/599     1.63G   0.09991     1.128   0.05548     1.283        35       640    0.2056  0.004082 0.0001459 4.319e-05    0.0953    0.9741   0.05117
   406/599     1.63G    0.1011     1.079   0.05531     1.236        32       640     0.206   0.01241 0.0001913 6.329e-05   0.09547    0.9806   0.05066
   407/599     1.63G    0.1007     1.099   0.05527     1.255        20       640     0.206  0.004082 0.0001524 3.041e-05   0.09666    0.9629   0.05073
   408/599     1.63G    0.1005     1.101   0.05537     1.257        22       640    0.2063    0.0165 0.0001952 6.661e-05   0.09526    0.9638   0.05102
   409/599     1.63G    0.1003     1.079   0.05525     1.235        22       640       0.2  0.006122  1.33e-06 1.963e-07   0.09561    0.9723   0.05123
   410/599     1.63G   0.09983     1.075   0.05503      1.23        17       640    0.4001  0.009887 3.127e-06 3.898e-07   0.09507    0.9741   0.05144
   411/599     1.63G    0.1001     1.073   0.05539     1.229        13       640  0.002056    0.0165 9.897e-05 1.954e-05   0.09494    0.9646   0.05126
   412/599     1.63G    0.0999     1.085   0.05527      1.24        23       640  0.002275   0.02075 0.0001515 3.079e-05   0.09523    0.9733   0.05075
   413/599     1.63G    0.1001     1.091   0.05512     1.246        22       640  0.004609   0.03316 0.0003256 7.273e-05   0.09567    0.9738   0.05047
   414/599     1.63G    0.1003       1.1   0.05535     1.255        14       640    0.2059  0.004082 0.0001532 3.054e-05   0.09473    0.9679   0.05077
   415/599     1.63G    0.1009     1.114   0.05541     1.271        24       640     0.206  0.004082 0.0001587 3.156e-05   0.09593    0.9719   0.05093
   416/599     1.63G    0.1001     1.072   0.05498     1.227        20       640    0.2067  0.004082 0.0001804 5.384e-05   0.09557    0.9761    0.0506
   417/599     1.63G    0.1008       1.1   0.05455     1.256        15       640    0.2052   0.01241 0.0002051 5.752e-05   0.09535    0.9613   0.05029
   418/599     1.63G    0.1004       1.1   0.05492     1.256        33       640    0.2058  0.004082  0.000155 1.559e-05   0.09573    0.9503   0.05029
   419/599     1.63G   0.09991     1.074    0.0547     1.228        24       640     0.206  0.004082 0.0001552 3.078e-05   0.09518    0.9587   0.05063
   420/599     1.63G    0.1006     1.065   0.05519     1.221        16       640    0.2069   0.01241 0.0002169 5.628e-05   0.09626    0.9661   0.05097
   421/599     1.63G    0.1007     1.064   0.05524      1.22        17       640    0.2079   0.01241 0.0002754 7.313e-05    0.0964    0.9594   0.05095
   422/599     1.63G   0.09989     1.061   0.05509     1.216        26       640    0.2075   0.02075  0.000277 4.569e-05   0.09561     0.961   0.05098
   423/599     1.63G    0.1011     1.054   0.05551     1.211        27       640    0.2074   0.01241 0.0002476 4.948e-05   0.09525    0.9587   0.05086
   424/599     1.63G    0.1004     1.021   0.05537     1.177        11       640    0.2093   0.02075 0.0002989 5.175e-05   0.09739    0.9608   0.05046
   425/599     1.63G    0.1006     1.057   0.05498     1.212        12       640     0.208   0.01522 0.0002638 7.452e-05   0.09639    0.9642   0.05033
   426/599     1.63G    0.1005     1.051   0.05494     1.207        11       640    0.2097   0.01446 0.0002853 7.647e-05    0.0968     0.959    0.0506
   427/599     1.63G    0.1006     1.059   0.05485     1.215        21       640    0.2076   0.01446 0.0002456 4.902e-05   0.09582    0.9619   0.05076
   428/599     1.63G   0.09996     1.063   0.05482     1.218        18       640    0.2069    0.0165 0.0002224 4.443e-05   0.09464    0.9632    0.0505
   429/599     1.63G   0.09984     1.062   0.05521     1.217        19       640    0.2058    0.0165  0.000209 5.351e-05   0.09464    0.9661   0.05069
   430/599     1.63G   0.09981     1.038   0.05545     1.193        19       640    0.2056   0.01241 0.0001752 5.719e-05   0.09519    0.9575   0.05119
   431/599     1.63G    0.1008     1.042    0.0558     1.199        32       640    0.4063   0.01241 0.0002028 5.162e-05   0.09549    0.9569   0.05116
   432/599     1.63G   0.09989     1.057   0.05511     1.212        18       640    0.4061   0.01241 0.0002603 3.501e-05   0.09538    0.9551   0.05091
   433/599     1.63G   0.09967     1.046   0.05485     1.201         9       640    0.4073  0.004082 0.0001949 5.813e-05    0.0953    0.9556   0.05068
   434/599     1.63G    0.1006     1.088   0.05447     1.243        18       640     0.407  0.004082 0.0002083   5.8e-05   0.09569    0.9556   0.05026
   435/599     1.63G    0.1006     1.073    0.0548     1.228        16       640    0.4057  0.004082 0.0001497 2.989e-05   0.09528    0.9469   0.04982
   436/599     1.63G       0.1     1.086   0.05433     1.241        29       640    0.2067  0.004082 0.0002027 4.048e-05   0.09506    0.9589   0.04977
   437/599     1.63G    0.1003     1.082   0.05504     1.237        23       640     0.407  0.004082 0.0001803  1.81e-05   0.09484    0.9557   0.04987
   438/599     1.63G    0.1007     1.077   0.05525     1.233        22       640     0.205   0.01241 0.0002295 6.012e-05   0.09544    0.9526   0.05049
   439/599     1.63G    0.1001     1.088    0.0553     1.244         8       640    0.4076  0.004082 0.0001943 3.882e-05   0.09469    0.9525   0.05087
   440/599     1.63G   0.09998     1.096   0.05561     1.252         9       640    0.2074  0.004082 0.0003018 5.423e-05    0.0946     0.952   0.05095
   441/599     1.63G    0.1003     1.066   0.05562     1.222        22       640     0.208   0.01241 0.0002411 6.123e-05   0.09582    0.9535   0.05096
   442/599     1.63G    0.1006     1.079   0.05531     1.235        21       640    0.2065  0.004082 0.0001744 5.205e-05   0.09731    0.9583   0.05112
   443/599     1.63G    0.1003     1.062   0.05529     1.217        11       640  0.006378   0.01446 0.0001762 4.901e-05    0.0965    0.9486    0.0508
   444/599     1.63G    0.1002     1.092   0.05511     1.247        18       640   0.00931   0.02075 0.0005115 8.252e-05   0.09604    0.9498   0.05049
   445/599     1.63G    0.1001     1.077   0.05547     1.233        28       640  0.008113   0.02075 0.0004619 7.574e-05   0.09557    0.9487   0.05038
   446/599     1.63G   0.09935     1.077   0.05552     1.232        21       640    0.2051  0.004082 0.0001367 1.374e-05   0.09453    0.9492    0.0505
   447/599     1.63G    0.1004     1.063   0.05589     1.219        24       640  0.005873   0.02075  0.000522 8.093e-05   0.09466    0.9549   0.05092
   448/599     1.63G    0.1009     1.079   0.05531     1.235        19       640  0.003596   0.01446 0.0002634 5.271e-05   0.09528    0.9477   0.05104
   449/599     1.63G    0.1004     1.081   0.05513     1.236        25       640    0.2053  0.004024 0.0001359 2.715e-05   0.09598    0.9433   0.05046
   450/599     1.63G   0.09956     1.087    0.0546     1.242        19       640    0.2057   0.01241 0.0001985 3.417e-05   0.09653    0.9422      0.05
   451/599     1.63G    0.1007      1.08   0.05437     1.235        13       640    0.2057  0.004082 0.0001455 2.903e-05   0.09631    0.9436    0.0499
   452/599     1.63G   0.09982     1.063    0.0545     1.218        22       640    0.2057  0.004082 0.0001489 4.438e-05   0.09527    0.9506   0.04979
   453/599     1.63G   0.09926     1.067    0.0549     1.221        33       640     0.205  0.004082 0.0001418 2.812e-05   0.09537    0.9502    0.0499
   454/599     1.63G    0.1001     1.059   0.05533     1.214        24       640    0.2054  0.004082 0.0001381 4.103e-05   0.09523    0.9513   0.05071
   455/599     1.63G    0.1007     1.062    0.0555     1.219         7       640    0.4046  0.004082 0.0001317 2.608e-05   0.09552    0.9446    0.0513
   456/599     1.63G       0.1     1.065   0.05561      1.22        14       640    0.2054  0.004082 0.0001398 4.182e-05   0.09455    0.9464    0.0514
   457/599     1.63G   0.09952     1.066   0.05549     1.221        28       640  0.003918   0.02075  0.000302  5.73e-05   0.09448    0.9424    0.0509
   458/599     1.63G   0.09986     1.098   0.05522     1.253        20       640  0.003728   0.02075  0.000321 6.276e-05   0.09466    0.9418   0.05046
   459/599     1.63G    0.1003     1.086   0.05508     1.241        20       640  0.004387   0.02891 0.0003027 7.591e-05   0.09513    0.9422   0.05053
   460/599     1.63G    0.1002     1.082   0.05526     1.237        14       640 4.555e-05  0.004082 1.632e-06 1.994e-07   0.09538    0.9517   0.05089
   461/599     1.63G   0.09966     1.082   0.05541     1.238        37       640   0.01443   0.03484 0.0008053  0.000101   0.09528    0.9456   0.05097
   462/599     1.63G   0.09984     1.109   0.05542     1.265        13       640    0.4038  0.004082 0.0001317 2.616e-05   0.09605    0.9365   0.05102
   463/599     1.63G   0.09982     1.086   0.05544     1.241        13       640    0.4043  0.004056 0.0001394 2.485e-05   0.09625    0.9403   0.05117
   464/599     1.63G    0.1002     1.076   0.05536     1.232        17       640    0.4051   0.01241 0.0002138 5.416e-05   0.09543    0.9426   0.05123
   465/599     1.63G    0.1004     1.082   0.05528     1.238        32       640    0.4054   0.01241 0.0002259 4.764e-05   0.09564    0.9461   0.05121
   466/599     1.63G   0.09967     1.095   0.05504      1.25         9       640  0.005272  0.004082 0.0001361 4.072e-05   0.09566    0.9399   0.05103
   467/599     1.63G   0.09987     1.084   0.05508     1.239        21       640  0.003464  0.004082 9.817e-05 9.817e-06   0.09534      0.94    0.0508
   468/599     1.63G   0.09998     1.073   0.05498     1.228        14       640  0.005665  0.008163 0.0001453 2.892e-05   0.09512    0.9325    0.0505
   469/599     1.63G   0.09954     1.056   0.05514     1.211        14       640  0.006711  0.008163 0.0001748 3.479e-05   0.09505    0.9365   0.05051
   470/599     1.63G    0.1001     1.068   0.05505     1.223        11       640    0.2062  0.004082 0.0001698 5.057e-05   0.09448    0.9374   0.05075
   471/599     1.63G    0.1006     1.074   0.05505      1.23        19       640  4.58e-05  0.006122 1.636e-06 1.636e-07   0.09536    0.9384   0.05103
   472/599     1.63G   0.09984     1.042   0.05544     1.197        14       640    0.2058  0.004082 0.0001496 2.972e-05   0.09467    0.9421   0.05109
   473/599     1.63G   0.09921     1.057   0.05554     1.212        28       640    0.4046  0.004082 0.0001486 1.847e-05   0.09518    0.9356   0.05071
   474/599     1.63G    0.1004     1.099   0.05588     1.255        35       640    0.4045  0.004082 0.0001515 4.245e-05   0.09626    0.9326   0.05046
   475/599     1.63G    0.1004     1.073   0.05535     1.229        17       640    0.4053   0.01241 0.0002388 6.022e-05   0.09549    0.9323    0.0505
   476/599     1.63G   0.09963     1.062   0.05534     1.217        16       640    0.4045  0.004048 0.0001456 4.325e-05   0.09511    0.9349   0.05067
   477/599     1.63G    0.1004     1.059   0.05548     1.215        15       640    0.4051   0.01241 0.0002898 6.237e-05   0.09572    0.9322   0.05069
   478/599     1.63G   0.09978     1.068   0.05558     1.224        34       640    0.2051   0.01241 0.0002282 5.632e-05   0.09669     0.927   0.05064
   479/599     1.63G   0.09987      1.07   0.05531     1.225        17       640    0.2051  0.004082 0.0001448 5.741e-05   0.09661    0.9251   0.05068
   480/599     1.63G    0.1001     1.071   0.05531     1.227        22       640    0.2049   0.01241 0.0001836 5.695e-05   0.09572    0.9261   0.05071
   481/599     1.63G    0.1001     1.099    0.0551     1.254        19       640    0.2056   0.01446 0.0002019 4.806e-05   0.09538    0.9304   0.05071
   482/599     1.63G    0.1001     1.054   0.05541      1.21        12       640    0.4016  0.008333 8.353e-05 8.437e-06    0.0949    0.9288   0.05078
   483/599     1.63G   0.09972      1.11   0.05524     1.265        11       640    0.2006  0.008333 2.948e-05 2.985e-06   0.09474    0.9227   0.05064
   484/599     1.63G    0.1004     1.053   0.05521     1.209        13       640  0.004536  0.008163 0.0001377 4.097e-05   0.09608     0.927   0.05062
   485/599     1.63G   0.09952     1.085   0.05518      1.24        14       640    0.2052  0.004082 0.0001375 1.379e-05   0.09583    0.9314   0.05067
   486/599     1.63G    0.1005     1.091   0.05502     1.247        37       640    0.2048  0.004082 0.0001279 3.785e-05   0.09535    0.9312   0.05063
   487/599     1.63G    0.1004     1.068   0.05551     1.224        19       640    0.2049  0.004082 0.0001579 5.343e-05   0.09576    0.9247   0.05053
   488/599     1.63G   0.09979     1.077   0.05529     1.232        18       640    0.4051   0.01241 0.0002693 6.035e-05   0.09482    0.9274   0.05044
   489/599     1.63G   0.09975      1.07   0.05554     1.225        22       640    0.4049   0.01241 0.0002656 5.794e-05   0.09518    0.9275    0.0505
   490/599     1.63G    0.1004     1.097   0.05527     1.252        20       640    0.4038  0.004082 0.0001281 3.812e-05   0.09573    0.9294   0.05066
   491/599     1.63G   0.09992     1.061   0.05539     1.216        13       640  0.004445   0.03299 0.0003823  8.97e-05   0.09541    0.9227   0.05074
   492/599     1.63G   0.09941     1.088   0.05516     1.243        19       640    0.4041  0.004082 0.0001345 4.007e-05   0.09519    0.9265   0.05078
   493/599     1.63G    0.1005     1.076   0.05541     1.232        16       640  0.002849    0.0165 0.0002353 5.643e-05   0.09541    0.9185   0.05054
   494/599     1.63G    0.0998     1.088   0.05551     1.243        23       640     0.405   0.01241 0.0001548 4.619e-05   0.09557    0.9243   0.05045
   495/599     1.63G   0.09995     1.074   0.05564     1.229        15       640    0.4039  0.004082 0.0001079 3.214e-05   0.09586    0.9242    0.0508
   496/599     1.63G   0.09962     1.074   0.05552     1.229        16       640    0.2043  0.004082 0.0001104 3.286e-05   0.09609    0.9264   0.05118
   497/599     1.63G   0.09953     1.079   0.05515     1.234        14       640  0.004238  0.004082 0.0001182 1.185e-05   0.09587    0.9212   0.05097
   498/599     1.63G   0.09946     1.081   0.05514     1.235        18       640 3.817e-05  0.006122 1.364e-06 1.724e-07     0.095    0.9169   0.05034
   499/599     1.63G    0.1003     1.074   0.05494      1.23        17       640  0.003907  0.004082 0.0001057 1.061e-05    0.0949     0.919   0.04996
   500/599     1.63G   0.09979     1.036   0.05485      1.19        19       640  0.004954   0.01241 0.0002699 6.487e-05   0.09529    0.9151   0.04991
   501/599     1.63G    0.1003     1.075   0.05464      1.23        27       640  0.006922   0.02908 0.0005964 9.973e-05   0.09551    0.9067    0.0503
   502/599     1.63G   0.09976     1.075   0.05524      1.23        37       640  0.003542  0.003975 9.166e-05 1.833e-05   0.09538    0.9136   0.05078
   503/599     1.63G   0.09912     1.064   0.05549     1.219         8       640  0.004685   0.02075 0.0002722 6.218e-05   0.09573    0.9198   0.05117
   504/599     1.63G   0.09978     1.066   0.05554     1.222        11       640  0.003665  0.004082 9.334e-05 2.787e-05   0.09545    0.9206   0.05138
   505/599     1.63G    0.1003     1.062   0.05555     1.218        18       640    0.2035  0.004082 9.459e-05 2.834e-05   0.09616     0.917   0.05146
   506/599     1.63G    0.1006     1.071   0.05555     1.227        18       640    0.2036  0.004082 9.119e-05 3.641e-05   0.09506    0.9169   0.05123
   507/599     1.63G   0.09987     1.052   0.05502     1.207         7       640  0.003631  0.004082 9.264e-05 2.749e-05   0.09543    0.9123   0.05086
   508/599     1.63G    0.1004     1.067   0.05492     1.222        33       640  0.002284   0.01241 0.0001453 4.087e-05   0.09551    0.9155   0.05057
   509/599     1.63G   0.09908     1.102   0.05471     1.256        12       640    0.2039   0.01241 0.0001422 4.624e-05   0.09532    0.9145   0.05063
   510/599     1.63G   0.09969     1.064   0.05489     1.219        16       640    0.2034  0.004082  8.78e-05 1.748e-05   0.09529    0.9156   0.05064
   511/599     1.63G       0.1     1.063   0.05501     1.218        19       640     0.204  0.004082  0.000109 3.267e-05   0.09587      0.92    0.0507
   512/599     1.63G    0.0995     1.062   0.05509     1.217        19       640    0.2044  0.004082   0.00012 1.205e-05   0.09591    0.9167    0.0507
   513/599     1.63G    0.0992     1.052   0.05523     1.206        13       640    0.2044  0.004082 0.0001229 4.893e-05   0.09535    0.9144   0.05082
   514/599     1.63G    0.1004     1.047   0.05509     1.203        23       640  0.003728  0.004082 9.991e-05  1.98e-05   0.09568    0.9123   0.05096
   515/599     1.63G   0.09973     1.044   0.05524     1.199        12       640  0.003548  0.004082  9.27e-05  3.66e-05   0.09573    0.9091   0.05108
   516/599     1.63G   0.09971     1.073   0.05507     1.228        15       640   0.00344  0.004082 9.439e-05 2.801e-05   0.09629      0.91   0.05106
   517/599     1.63G    0.1002     1.052   0.05523     1.208        26       640   0.00437   0.02483  0.000278 4.735e-05    0.0961    0.9074     0.051
   518/599     1.63G    0.1009     1.071   0.05515     1.227        29       640  0.002356  0.004082 6.135e-05 1.806e-05   0.09589    0.9035   0.05089
   519/599     1.63G   0.09903     1.036   0.05514      1.19        17       640  0.004745   0.01241 0.0001803  3.66e-05   0.09504    0.9132   0.05084
   520/599     1.63G    0.1002     1.038   0.05522     1.194        10       640  0.004934   0.01241 0.0001887 3.171e-05    0.0954     0.906   0.05065
   521/599     1.63G   0.09993     1.042   0.05521     1.198        30       640  0.006529   0.02075 0.0005858 0.0001007   0.09589    0.8956   0.05065
   522/599     1.63G   0.09938     1.042   0.05554     1.197         9       640  0.004774   0.01241 0.0002299 4.411e-05   0.09525    0.9052   0.05092
   523/599     1.63G   0.09963     1.017   0.05539     1.172        18       640  0.003611   0.01241 0.0001832 3.609e-05   0.09496    0.9103   0.05122
   524/599     1.63G   0.09969      1.03   0.05537     1.185        22       640  0.002015  0.004082 5.088e-05 1.524e-05   0.09504    0.9095   0.05131
   525/599     1.63G   0.09983     1.051   0.05548     1.206        19       640  0.003544   0.01106 0.0001898 2.905e-05   0.09494     0.898   0.05122
   526/599     1.63G   0.09961     1.062   0.05515     1.217        13       640  0.002967   0.01241 0.0001053 2.763e-05   0.09522    0.8951   0.05089
   527/599     1.63G   0.09957     1.039    0.0551     1.193        22       640  0.002431   0.01446 9.811e-05 2.428e-05    0.0952    0.8945   0.05071
   528/599     1.63G   0.09985      1.04   0.05476     1.195        16       640  0.001102  0.004082 2.924e-05 8.659e-06   0.09583    0.8985   0.05058
   529/599     1.63G   0.09893     1.065   0.05481     1.219        23       640  0.001142  0.006122 2.917e-05 8.629e-06   0.09598    0.9008   0.05041
   530/599     1.63G       0.1     1.018   0.05463     1.173         9       640  0.001044  0.008163 2.887e-05 5.625e-06   0.09561    0.9048   0.05043
   531/599     1.63G   0.09961     1.024   0.05482     1.178        20       640 0.0006278  0.004082 1.855e-05 5.536e-06   0.09559    0.9024   0.05053
   532/599     1.63G   0.09931     1.035   0.05477     1.189        18       640 0.0009816  0.004082 2.571e-05 7.713e-06   0.09509    0.9045   0.05077
   533/599     1.63G    0.1007     1.018   0.05496     1.174        42       640  0.001099  0.004082 2.889e-05 8.528e-06   0.09516    0.9018   0.05076
   534/599     1.63G    0.1008     1.041   0.05484     1.196        15       640  0.001877  0.004082 4.792e-05 1.433e-05   0.09582    0.9014   0.05068
   535/599     1.63G   0.09879     1.037   0.05494     1.191        13       640  0.001805  0.004082 4.884e-05 1.461e-05   0.09522    0.8985   0.05061
   536/599     1.63G   0.09994     1.027    0.0547     1.182        19       640  0.001205  0.004082 4.201e-05 1.676e-05    0.0948    0.9067   0.05072
   537/599     1.63G   0.09929     1.014   0.05488     1.169        19       640  0.001637  0.004082 4.504e-05 1.349e-05   0.09544    0.9075     0.051
   538/599     1.63G   0.09972     1.045    0.0547     1.199        17       640  0.001679  0.006122 4.308e-05 1.277e-05   0.09553    0.8912   0.05096
   539/599     1.63G   0.09984     1.035   0.05485      1.19        30       640  0.003502   0.01667 0.0002237 3.817e-05    0.0953    0.8921   0.05068
   540/599     1.63G    0.1003      1.05   0.05487     1.205        13       640 0.0009743  0.008333 4.545e-05 4.545e-06   0.09508    0.8996   0.05052
   541/599     1.63G    0.1001     1.047   0.05489     1.202        20       640 4.689e-05  0.004082 1.713e-06 1.713e-07   0.09599    0.8969    0.0504
   542/599     1.63G   0.09949     1.062   0.05455     1.216        25       640 2.988e-05  0.004082 8.059e-07 8.059e-08   0.09627    0.8979   0.05029
   543/599     1.63G   0.09931     1.052   0.05486     1.206        10       640 3.095e-05  0.002041 7.987e-07 1.008e-07   0.09637    0.9039   0.05038
   544/599     1.63G   0.09995     1.029   0.05499     1.184        12       640  0.002789   0.01667 0.0001862 3.724e-05   0.09604    0.8955   0.05072
   545/599     1.63G    0.1001     1.037   0.05494     1.192        19       640 1.278e-05  0.002041 1.942e-07 3.884e-08    0.0958    0.8965   0.05103
   546/599     1.63G   0.09985     1.025   0.05507      1.18        34       640  0.003197   0.01037 0.0001484 1.484e-05   0.09495       0.9   0.05096
   547/599     1.63G   0.09961     1.038   0.05463     1.192        37       640  0.004369   0.02138  0.000216 5.266e-05   0.09458    0.8992   0.05074
   548/599     1.63G   0.09957     1.054   0.05464     1.208        26       640  0.004845   0.02687 0.0002448 4.102e-05   0.09497    0.8963   0.05057
   549/599     1.63G   0.09953     1.058   0.05474     1.212        21       640  0.004742   0.02687  0.000277 4.171e-05   0.09537    0.8877   0.05063
   550/599     1.63G   0.09952     1.027   0.05497     1.182        18       640  0.005676   0.02279  0.000312  4.53e-05   0.09556    0.8887   0.05087
   551/599     1.63G    0.1001     1.056   0.05469      1.21        22       640  0.001799  0.006122 4.584e-05 1.358e-05   0.09531    0.8894   0.05098
   552/599     1.63G    0.0999     1.048   0.05477     1.203        21       640 4.553e-05  0.004082 1.676e-06 2.875e-07   0.09454    0.8959   0.05075
   553/599     1.63G   0.09865     1.032   0.05502     1.186        15       640 4.181e-05  0.006122 1.558e-06 1.811e-07   0.09432    0.8945   0.05043
   554/599     1.63G    0.1001     1.032   0.05507     1.187        10       640 3.341e-05  0.002041 8.567e-07 1.083e-07   0.09413    0.8987    0.0503
   555/599     1.63G   0.09972      1.03   0.05489     1.185         7       640 3.852e-05  0.002041 9.358e-07 9.358e-08   0.09531    0.8901   0.05036
   556/599     1.63G   0.09953     1.028   0.05511     1.183         7       640 3.002e-05  0.004082 8.105e-07 8.105e-08   0.09533    0.8885   0.05056
   557/599     1.63G    0.1002      1.04   0.05519     1.196        11       640 3.194e-05  0.002041 8.242e-07 8.242e-08   0.09601     0.886   0.05059
   558/599     1.63G    0.1004     1.033   0.05504     1.188        23       640  0.004092   0.01667 0.0002011 2.011e-05   0.09613    0.8939   0.05054
   559/599     1.63G   0.09981     1.061   0.05474     1.216        19       640  0.004848   0.01871 0.0002657 5.312e-05    0.0959    0.8916   0.05052
   560/599     1.63G   0.09939     1.071   0.05476     1.225        26       640  0.008119   0.03316 0.0004766 9.264e-05   0.09523     0.894   0.05041
   561/599     1.63G   0.09992     1.032    0.0546     1.187        17       640  0.002176   0.01241  8.73e-05 2.344e-05   0.09559    0.8975   0.05023
   562/599     1.63G   0.09925      1.06   0.05464     1.214        19       640   0.00178  0.004082 4.595e-05 9.167e-06   0.09537    0.8899   0.05017
   563/599     1.63G    0.1002     1.051   0.05483     1.206        15       640  0.001784  0.004082 4.593e-05 9.161e-06   0.09542    0.8839   0.05024
   564/599     1.63G       0.1     1.064   0.05488     1.219        14       640  0.004197   0.02075 0.0002634 6.326e-05   0.09514    0.8837   0.05036
   565/599     1.63G   0.09979     1.077   0.05468     1.232        23       640  0.001873  0.004082 4.761e-05 1.426e-05   0.09573    0.8857    0.0506
   566/599     1.63G   0.09957     1.041   0.05485     1.195        29       640  0.001802  0.004082 4.655e-05 9.309e-06   0.09507    0.8865   0.05075
   567/599     1.63G   0.09982     1.006   0.05476      1.16        26       640  0.001769  0.004082 4.537e-05 1.361e-05   0.09541    0.8881   0.05068
   568/599     1.63G    0.1007     1.027   0.05471     1.182        22       640  0.002626  0.008333 0.0001302 1.358e-05   0.09535    0.8791   0.05036
   569/599     1.63G   0.09975     1.047   0.05491     1.201        24       640         0         0         0         0   0.09578    0.8858   0.05016
   570/599     1.63G   0.09928     1.038   0.05474     1.192        24       640         0         0         0         0   0.09574    0.8859   0.05024
   571/599     1.63G    0.1001     1.029   0.05475     1.184        20       640         0         0         0         0   0.09598    0.8878   0.05044
   572/599     1.63G   0.09961      1.03   0.05468     1.185        20       640  0.003545   0.01667 0.0001751 1.751e-05   0.09575    0.8886   0.05054
   573/599     1.63G   0.09991     1.052   0.05463     1.207         6       640 0.0001011  0.008333 5.009e-06 5.009e-07   0.09528    0.8883   0.05054
   574/599     1.63G   0.09944    0.9963   0.05486     1.151        10       640 0.0002601  0.008333 1.271e-05 1.271e-06    0.0948    0.8887   0.05054
   575/599     1.63G   0.09897     1.086    0.0549      1.24         8       640  0.001785  0.004082 4.527e-05 1.811e-05   0.09456    0.8847    0.0505
   576/599     1.63G   0.09998      1.02   0.05499     1.175        26       640  0.001713  0.004082 4.476e-05 1.782e-05   0.09461    0.8866   0.05044
   577/599     1.63G   0.09918     1.047   0.05509     1.201        13       640  0.003668   0.02075 0.0001893 3.184e-05   0.09492    0.8815   0.05046
   578/599     1.63G   0.09971     1.055   0.05498     1.209        24       640  0.002645   0.01667 0.0001682 2.915e-05   0.09547    0.8848   0.05056
   579/599     1.63G       0.1     1.052   0.05479     1.207        12       640 0.0003568  0.008333 1.793e-05 1.793e-06   0.09603    0.8789    0.0506
   580/599     1.63G   0.09925     1.018   0.05463     1.171        27       640  0.002297  0.008333 0.0001104 1.104e-05   0.09584    0.8861   0.05037
   581/599     1.63G   0.09976     1.037   0.05456     1.191        19       640 4.055e-05  0.008333 1.895e-06 3.791e-07   0.09545    0.8862   0.05002
   582/599     1.63G   0.09979     1.033   0.05445     1.187        11       640  0.002632  0.008333 0.0001264 1.264e-05   0.09539    0.8834   0.05005
   583/599     1.63G       0.1     1.009   0.05458     1.163        25       640 4.091e-05  0.008333 1.915e-06 1.915e-07   0.09564    0.8836   0.05034
   584/599     1.63G    0.1001     1.026   0.05444      1.18        17       640 4.114e-05  0.008333 1.926e-06 1.926e-07   0.09537    0.8819   0.05037
   585/599     1.63G       0.1     1.046   0.05448     1.201        33       640  0.003735   0.01667 0.0001773 1.795e-05   0.09538    0.8807   0.05031
   586/599     1.63G   0.09977     1.038   0.05442     1.192        15       640  0.003531   0.01667 0.0001678 1.678e-05   0.09529    0.8822   0.05042
   587/599     1.63G   0.09964     1.022   0.05478     1.176        18       640  0.002871   0.01667 0.0001484 1.484e-05   0.09577    0.8852   0.05064
   588/599     1.63G    0.0995     1.054   0.05454     1.208        23       640         0         0         0         0   0.09604    0.8845   0.05065
   589/599     1.63G   0.09926      1.03   0.05465     1.183        24       640         0         0         0         0   0.09549    0.8805   0.05069
   590/599     1.63G   0.09893     1.018   0.05499     1.172        20       640         0         0         0         0    0.0954    0.8796   0.05089
   591/599     1.63G    0.0988     1.064   0.05501     1.218        15       640  0.001192  0.004082 3.241e-05 1.296e-05   0.09589    0.8794   0.05103
   592/599     1.63G    0.1005     1.037   0.05502     1.193        18       640  0.001079  0.004082 3.078e-05 6.121e-06   0.09627    0.8783   0.05106
   593/599     1.63G    0.1002     1.051   0.05494     1.206        29       640         0         0         0         0   0.09566    0.8829   0.05105
   594/599     1.63G   0.09954     1.022   0.05487     1.176        25       640 2.204e-05  0.002041 3.388e-07 3.388e-08    0.0955    0.8836   0.05082
   595/599     1.63G   0.09966     1.027   0.05467     1.181        16       640         0         0         0         0     0.095    0.8847   0.05067
   596/599     1.63G   0.09866     1.021   0.05482     1.175         9       640         0         0         0         0   0.09473    0.8815   0.05051
   597/599     1.63G   0.09882     1.024   0.05479     1.178        17       640         0         0         0         0   0.09483    0.8832   0.05048
   598/599     1.63G   0.09982     1.029   0.05437     1.183         8       640         0         0         0         0   0.09516    0.8768   0.05047
   599/599     1.63G   0.09952     1.041   0.05499     1.196        10       640         0         0         0         0    0.0951    0.8752   0.05051
