     0/599     6.82G    0.1246   0.03598   0.05274    0.2134       179       640  0.001869  0.005882 0.0001703 3.188e-05    0.1163   0.03051   0.05241
     1/599     6.73G    0.1129   0.03865   0.04784    0.1994       177       640  0.004475   0.04867  0.001658 0.0003322    0.1022   0.03577    0.0461
     2/599     6.73G    0.1013   0.04356   0.04331    0.1882       150       640   0.03882    0.1964   0.02669  0.004454   0.09098   0.03836   0.04004
     3/599     6.73G   0.08783   0.04505   0.03936    0.1722       142       640    0.3548    0.2391    0.1702   0.03684   0.07967   0.03673   0.03498
     4/599     6.73G   0.07846   0.03978   0.03569    0.1539       176       640     0.611    0.2456     0.268   0.07285   0.07374   0.03326   0.03087
     5/599     6.73G   0.07459   0.03523   0.03261    0.1424       194       640    0.7462    0.2902    0.3601    0.1064   0.06711   0.03025   0.02821
     6/599     6.73G   0.07101   0.03327   0.02976     0.134       208       640    0.5126    0.5125    0.4972    0.1622   0.06239   0.02806   0.02522
     7/599     6.73G   0.06922   0.03111   0.02608    0.1264       173       640    0.5843     0.549    0.5702    0.1915   0.05985   0.02619   0.02174
     8/599     6.73G   0.06709   0.02956   0.02182    0.1185       164       640    0.6697     0.567    0.6146    0.1549   0.06138   0.02427   0.01777
     9/599     6.73G   0.06555   0.02807    0.0195    0.1131       147       640    0.5284    0.6639    0.5593     0.164    0.0566   0.02362   0.01472
    10/599     6.73G   0.06503   0.02693   0.01573    0.1077       126       640    0.6216    0.5918    0.6296    0.2261   0.05598   0.02284   0.01241
    11/599     6.73G   0.06386   0.02584   0.01345    0.1031       177       640    0.6063    0.7051    0.7105    0.2448   0.05301   0.02242    0.0103
    12/599     6.73G   0.06305   0.02537   0.01145   0.09987       143       640    0.4961    0.8044    0.5912    0.1599   0.05454   0.02194  0.008723
    13/599     6.73G   0.06098   0.02545   0.01033   0.09676       193       640    0.6671    0.7847     0.746    0.2418   0.05266   0.02157  0.007376
    14/599     6.73G   0.05936   0.02517   0.00886   0.09339       177       640    0.7371     0.833    0.8273    0.2998   0.04989   0.02141  0.006882
    15/599     6.73G   0.05977   0.02523  0.008471   0.09347       159       640    0.7276    0.8082    0.8001     0.288   0.05093   0.02139   0.00618
    16/599     6.73G   0.05737   0.02462  0.008024   0.09001       180       640    0.7053    0.7663    0.7847    0.2679   0.04991   0.02127  0.005808
    17/599     6.73G   0.05588   0.02398  0.007297   0.08716       165       640     0.864    0.7705    0.8481    0.3524   0.05028   0.02117  0.006335
    18/599     6.73G   0.05421   0.02426  0.007246   0.08571       146       640     0.797    0.8225    0.8634    0.3414   0.04864   0.02075   0.00535
    19/599     6.73G   0.05317   0.02379  0.006707   0.08367       155       640    0.7922    0.8055    0.8523    0.3343   0.04937   0.02076  0.005478
    20/599     6.73G   0.05362   0.02423  0.006122   0.08398       159       640    0.8089    0.8559     0.875    0.3444   0.04819   0.02113  0.004741
    21/599     6.73G   0.05452   0.02319  0.006037   0.08375       125       640    0.8179    0.8325    0.8606    0.3451   0.04897   0.02102  0.004944
    22/599     6.73G   0.05472   0.02369  0.006002   0.08441       181       640     0.439    0.7712    0.5509    0.1337   0.06166   0.02032  0.005404
    23/599     6.73G   0.06403   0.02306  0.006943   0.09403       168       640    0.6594    0.6201    0.6512    0.2042   0.05586   0.02051   0.00583
    24/599     6.73G   0.05848   0.02254  0.006039   0.08706       132       640    0.6603    0.7872    0.7568    0.2836   0.05065   0.02085  0.005576
    25/599     6.73G    0.0566   0.02382  0.006281    0.0867       163       640    0.9251     0.739    0.8729    0.3812   0.04982   0.02087  0.005176
    26/599     6.73G   0.05449   0.02328  0.006041   0.08381       156       640    0.7319    0.8033    0.8266    0.3552   0.04831   0.02008  0.004724
    27/599     6.73G   0.05657   0.02368  0.005942   0.08619       141       640    0.8517    0.7817    0.8428    0.3196   0.04974    0.0206  0.005179
    28/599     6.73G   0.05738   0.02262  0.005896    0.0859       187       640    0.8074    0.8013    0.8597    0.3449   0.05218   0.02013  0.004746
    29/599     6.73G   0.05456   0.02289  0.005968   0.08342       186       640    0.8177    0.7171     0.841    0.3251   0.05116   0.02068  0.006634
    30/599     6.73G   0.05219   0.02307   0.00569   0.08094       146       640    0.8586     0.826    0.8474    0.3222   0.05066   0.02054  0.004799
    31/599     6.73G   0.05365   0.02444  0.005396   0.08348       190       640    0.8404    0.7821    0.8656    0.3259   0.04727   0.02045   0.00514
    32/599     6.73G   0.05052   0.02229  0.005097   0.07791       166       640    0.8221    0.7243    0.7791    0.3188   0.05143   0.02339  0.006836
    33/599     6.73G   0.05218   0.02339  0.005254   0.08083       160       640    0.7769    0.7737     0.807    0.2702    0.0526   0.02127  0.005765
    34/599     6.73G   0.05012    0.0227  0.005127   0.07795       141       640    0.8249    0.7946    0.8856    0.3612   0.04867   0.02089  0.005693
    35/599     6.73G   0.04975   0.02203   0.00508   0.07685       128       640    0.8815    0.8676    0.8997    0.3919   0.04729   0.02088  0.005589
    36/599     6.73G   0.04784   0.02209  0.004669   0.07459       149       640    0.7993    0.8675    0.8879    0.3696   0.04624   0.02096  0.004704
    37/599     6.73G   0.04779   0.02244  0.004747   0.07499       166       640     0.763    0.8073     0.858    0.3608   0.05378   0.02187  0.004801
    38/599     6.73G   0.04845   0.02248  0.004973   0.07589       185       640    0.9294    0.8465    0.9041    0.3949   0.04727   0.02067  0.004332
    39/599     6.73G   0.04769   0.02264  0.004678   0.07501       188       640    0.8911    0.8014    0.8817    0.3713   0.04922   0.02121  0.006152
    40/599     6.73G   0.04722   0.02257  0.004625   0.07442       166       640     0.905    0.8054    0.8829    0.3768   0.04722   0.02116  0.005364
    41/599     6.73G   0.04934   0.02263  0.004485   0.07645       166       640    0.8608    0.7447    0.8283    0.3329   0.04792   0.02212  0.008044
    42/599     6.73G   0.04803   0.02271  0.004593   0.07534       149       640    0.9332    0.8194     0.901    0.3615    0.0477   0.02135  0.004241
    43/599     6.73G   0.04528   0.02198  0.004712   0.07197       167       640    0.8755    0.8013    0.8407    0.3029   0.05176   0.02416  0.009245
    44/599     6.73G   0.04747   0.02301  0.004655   0.07514       151       640    0.9282    0.8019    0.8864    0.3772   0.04921   0.02244  0.006143
    45/599     6.73G   0.04683   0.02364  0.005254   0.07572       208       640     0.902    0.8475    0.8769    0.3721   0.04766   0.02221  0.004671
    46/599     6.73G   0.04581   0.02272  0.004873    0.0734       148       640    0.8657    0.6589    0.7132    0.3054   0.05472   0.02523   0.01934
    47/599     6.73G   0.04621   0.02355  0.005032    0.0748       160       640    0.8502    0.7335    0.7933    0.3158   0.04956   0.02359  0.007154
    48/599     6.73G   0.04658   0.02267  0.004899   0.07415       181       640      0.86    0.8275     0.861    0.3749   0.04747   0.02363  0.005916
    49/599     6.73G   0.04344   0.02391  0.004679   0.07203       141       640    0.9117    0.7362    0.8275    0.3546   0.04936   0.02488   0.00823
    50/599     6.73G   0.04384   0.02283   0.00398   0.07065       159       640    0.8715    0.8206    0.8621    0.3977   0.04905   0.02431  0.005803
    51/599     6.73G   0.04211   0.02245  0.003786   0.06834       157       640    0.9325    0.7565     0.861    0.3838   0.04853   0.02425  0.009097
    52/599     6.73G   0.04334   0.02358  0.003932   0.07086       167       640    0.8996    0.8345    0.8901     0.405   0.04649   0.02217   0.00578
    53/599     6.73G   0.04437   0.02249  0.003732   0.07059       159       640    0.8639      0.82    0.8661    0.3855   0.04842   0.02249  0.004309
    54/599     6.73G   0.04193   0.02292  0.004013   0.06886       155       640    0.9147    0.8584    0.8982    0.4041   0.04639    0.0217  0.005261
    55/599     6.73G   0.04312   0.02229  0.003797   0.06922       157       640    0.8883    0.8414    0.8756    0.3944   0.04584   0.02199  0.003748
    56/599     6.73G   0.04259   0.02264  0.004144   0.06938       176       640    0.8579    0.8388    0.8702    0.3751   0.04905   0.02206  0.004599
    57/599     6.73G   0.04293   0.02273  0.003985   0.06965       171       640    0.9149    0.8534    0.8881    0.3993   0.04697   0.02221   0.00444
    58/599     6.73G   0.04125   0.02202  0.003206   0.06647       200       640    0.9304     0.815    0.8839    0.3929   0.04753   0.02274  0.005505
    59/599     6.73G   0.04024   0.02219  0.003284   0.06571       218       640    0.9095    0.8583    0.9034    0.4218   0.04442   0.02187  0.004697
    60/599     6.73G   0.04086   0.02266  0.003095   0.06661       162       640    0.8798    0.8591    0.8939    0.3927   0.04668   0.02104  0.003809
    61/599     6.73G   0.04051   0.02106  0.003384   0.06496       151       640    0.9072    0.8852    0.9125    0.4189   0.04525    0.0211  0.004137
    62/599     6.73G   0.03933   0.02195  0.003005   0.06428       173       640    0.9037    0.8602    0.8981    0.4081   0.04574   0.02218  0.004179
    63/599     6.73G   0.04138   0.02145  0.003033   0.06586       157       640    0.9203      0.88    0.9105    0.4284   0.04455   0.02121  0.004217
    64/599     6.73G   0.03954   0.02135  0.003205   0.06409       177       640    0.9061    0.8522    0.8957    0.3938   0.04565    0.0229  0.004387
    65/599     6.73G   0.03941   0.02127  0.003185   0.06386       177       640    0.9167    0.8704    0.9052    0.4239   0.04499   0.02217  0.004061
    66/599     6.73G   0.03978   0.02133  0.003035   0.06414       174       640    0.8967    0.9137    0.9138     0.409   0.04461   0.02137  0.003355
    67/599     6.73G   0.03896    0.0215  0.002812   0.06327       161       640     0.939     0.856    0.9071    0.4112   0.04594   0.02229  0.003231
    68/599     6.73G   0.04002   0.02082  0.002699   0.06354       135       640     0.924    0.8748    0.9123    0.4113   0.04534   0.02225  0.003822
    69/599     6.73G   0.03955   0.02168  0.003164    0.0644       175       640    0.9592    0.8702    0.9134    0.4201   0.04455   0.02268  0.003503
    70/599     6.73G   0.03905   0.02088  0.003022   0.06295       177       640    0.9426    0.8112    0.8838    0.4105   0.04585   0.02466  0.004088
    71/599     6.73G   0.03898   0.02116  0.002824   0.06296       135       640    0.8701    0.8613    0.9005     0.431    0.0453    0.0215  0.003359
    72/599     6.73G   0.03945   0.02147  0.002768   0.06369       164       640    0.9462    0.8757    0.9204    0.4054   0.04448   0.02119  0.003975
    73/599     6.73G   0.03945   0.02093  0.002822    0.0632       130       640    0.9473    0.8935      0.92    0.4351   0.04365   0.02174  0.004598
    74/599     6.73G   0.03736   0.02099  0.002661   0.06101       175       640    0.9439    0.8777     0.926    0.4294   0.04619   0.02096  0.005263
    75/599     6.73G   0.03817   0.02042  0.002771   0.06136       153       640    0.9303    0.8512     0.906    0.4277   0.04432   0.02191  0.004131
    76/599     6.73G   0.03786   0.02085  0.002735   0.06145       155       640    0.9333    0.8805    0.9196    0.4317    0.0453   0.02092  0.003973
    77/599     6.73G   0.03853   0.02167  0.002551   0.06276       121       640     0.919    0.9056    0.9293    0.4337    0.0445   0.02016  0.004231
    78/599     6.73G   0.03677   0.02056  0.002673      0.06       125       640    0.9477    0.8949    0.9254    0.4299   0.04311   0.02105  0.003723
    79/599     6.73G   0.03695   0.02039  0.002528   0.05987       175       640    0.9175    0.8924    0.9167    0.4291    0.0437   0.02183   0.00407
    80/599     6.73G   0.03726   0.02036  0.002807   0.06043       160       640     0.918    0.9162    0.9212    0.4341   0.04366   0.02182   0.00468
    81/599     6.73G   0.03743   0.02008  0.002587    0.0601       185       640    0.8955    0.8603    0.8915    0.4154   0.04734   0.02373  0.005085
    82/599     6.73G   0.03845   0.02125  0.002887   0.06258       143       640    0.9461    0.8697    0.9265    0.4295   0.04367   0.02125  0.004971
    83/599     6.73G   0.03844   0.02103  0.002676   0.06214       185       640      0.91    0.8709    0.9171    0.4384    0.0459   0.02114  0.004579
    84/599     6.73G   0.03742   0.02033    0.0029   0.06064       138       640    0.9161    0.9033    0.9171    0.4387    0.0435   0.02077  0.004836
    85/599     6.73G   0.03658   0.02028  0.002411   0.05927       184       640    0.9324    0.8962    0.9301    0.4316   0.04427   0.02134  0.003407
    86/599     6.73G   0.03664   0.01991  0.002382   0.05893       201       640    0.8943    0.9282    0.9174    0.4369   0.04367   0.02134  0.003377
    87/599     6.73G   0.03701   0.02051  0.002471   0.05999       173       640    0.9317    0.8884    0.9198    0.4345   0.04491    0.0224     0.003
    88/599     6.73G   0.03629   0.02048  0.002594   0.05937       156       640    0.9168    0.8863    0.9113     0.432   0.04487   0.02206  0.002976
    89/599     6.73G   0.03673   0.02024  0.002379   0.05935       145       640    0.9163    0.8744    0.9029    0.4293   0.04472   0.02312  0.003164
    90/599     6.73G   0.03624   0.01979  0.002426   0.05846       158       640    0.9379    0.8737    0.9047    0.4107   0.04866   0.02246  0.004308
    91/599     6.73G   0.03784    0.0205   0.00256   0.06089       155       640    0.9356    0.8756    0.9068    0.4305   0.04348   0.02259  0.003277
    92/599     6.73G   0.03588   0.02025  0.002382   0.05851       200       640    0.9084    0.8748    0.9063    0.4331   0.04514    0.0223  0.003361
    93/599     6.73G    0.0361   0.02049  0.002239   0.05882       154       640    0.9292    0.8791    0.9035    0.4233   0.04461   0.02253  0.003216
    94/599     6.73G   0.03543   0.01967  0.002572   0.05767       162       640    0.9112    0.8949    0.9167     0.409    0.0447   0.02196  0.003129
    95/599     6.73G   0.03554   0.02018  0.002329   0.05804       151       640    0.8998    0.8477    0.8806    0.3969   0.04627   0.02491  0.005245
    96/599     6.73G   0.03567   0.01979   0.00248   0.05794       179       640    0.9212    0.8614    0.8919    0.4029    0.0454   0.02402  0.004524
    97/599     6.73G   0.03628   0.02013  0.002372   0.05878       129       640    0.9357    0.8834    0.9128    0.4268   0.04498   0.02235  0.003087
    98/599     6.73G   0.03551   0.02003  0.002519   0.05806       177       640    0.9164     0.903    0.9136    0.4177   0.04512   0.02275  0.002834
    99/599     6.73G   0.03506   0.02071  0.002222   0.05799       161       640    0.9365     0.874    0.9146    0.4269   0.04533   0.02259  0.003614
   100/599     6.73G   0.03546   0.02028  0.002437   0.05817       153       640    0.9452    0.8885    0.9116    0.4275   0.04349   0.02264  0.003573
   101/599     6.73G   0.03508   0.02072  0.002304   0.05811       172       640    0.9338    0.8857    0.9093    0.4223   0.04449   0.02281  0.002958
   102/599     6.73G   0.03526   0.02025  0.002025   0.05754       148       640    0.9205    0.8793    0.9115     0.428   0.04422   0.02265  0.002721
   103/599     6.73G   0.03454   0.02004  0.002147   0.05672       157       640    0.9292    0.8928    0.9202    0.4349   0.04399   0.02306  0.002272
   104/599     6.73G    0.0344   0.01944  0.002346   0.05618       186       640    0.9264    0.8995    0.9208    0.4221    0.0446   0.02281  0.002623
   105/599     6.73G   0.03441   0.01863  0.002497   0.05554       154       640    0.9394    0.8829    0.9179    0.4396   0.04433   0.02194  0.003108
   106/599     6.73G    0.0346   0.01956  0.002297   0.05645       155       640    0.9445    0.8654    0.9115    0.4284   0.04639    0.0224  0.004105
   107/599     6.73G   0.03536   0.01988  0.002387   0.05763       157       640    0.9241    0.8696    0.9027    0.4267   0.04434   0.02337  0.004426
   108/599     6.73G   0.03524    0.0206  0.002304   0.05814       205       640    0.9168    0.9008    0.9118    0.4199   0.04407   0.02267  0.004233
   109/599     6.73G   0.03478   0.01947    0.0025   0.05675       171       640    0.9303    0.8973    0.9179     0.429   0.04487   0.02278  0.003816
   110/599     6.73G   0.03469   0.01955    0.0024   0.05664       172       640    0.9275    0.9125    0.9192    0.4336   0.04377   0.02319  0.003041
   111/599     6.73G   0.03449   0.01946  0.002086   0.05603       155       640    0.9318    0.8527    0.8958    0.4093   0.04636   0.02452  0.003681
   112/599     6.73G   0.03424   0.01926  0.002332   0.05584       168       640    0.9085    0.8654    0.8997    0.4189   0.04657   0.02385  0.005995
   113/599     6.73G   0.03518   0.02005  0.002207   0.05743       186       640     0.907    0.9068    0.9087    0.4308    0.0441   0.02241  0.002824
   114/599     6.73G   0.03363   0.02037  0.002169   0.05617       171       640    0.9373    0.8821    0.9067    0.4218   0.04491   0.02376    0.0043
   115/599     6.73G   0.03546   0.01982    0.0021   0.05739       186       640    0.9209    0.8707    0.9011    0.4132   0.04516    0.0243  0.003332
   116/599     6.73G   0.03445    0.0195  0.002206   0.05616       170       640    0.9383    0.9051     0.924    0.4414   0.04501   0.02226  0.003905
   117/599     6.73G   0.03406   0.02007  0.001854   0.05599       182       640    0.9377    0.9029     0.914    0.4355   0.04385   0.02247  0.004163
   118/599     6.73G   0.03354   0.01986  0.002071   0.05546       176       640    0.9391    0.8946    0.9168    0.4394   0.04506   0.02319  0.003272
   119/599     6.73G   0.03539   0.01982  0.002438   0.05765       236       640    0.9442    0.8871     0.922    0.4388   0.04407   0.02301  0.003951
   120/599     6.73G   0.03304   0.01995  0.001948   0.05493       137       640    0.9391    0.9192     0.926    0.4329   0.04368    0.0223   0.00332
   121/599     6.73G   0.03401   0.01958  0.002171   0.05576       160       640    0.9326    0.8985      0.92    0.4312   0.04359   0.02214  0.004335
   122/599     6.73G   0.03404   0.01925  0.002006    0.0553       165       640    0.9175    0.8662    0.8975    0.4242   0.04516   0.02339  0.003144
   123/599     6.73G   0.03539   0.01944  0.002056   0.05689       160       640    0.9062    0.8654    0.8972    0.4136   0.04586   0.02401  0.002499
   124/599     6.73G   0.03445   0.01991  0.002222   0.05659       141       640    0.8803     0.854    0.8792    0.3951   0.04879   0.02476  0.002905
   125/599     6.73G   0.03488   0.01994  0.001968   0.05678       184       640     0.912     0.887    0.9117    0.4307   0.04525   0.02316  0.004162
   126/599     6.73G   0.03392   0.01935  0.002105   0.05538       133       640    0.9323    0.8789    0.9103    0.4237   0.04572   0.02252  0.004032
   127/599     6.73G    0.0348   0.02007  0.002068   0.05694       181       640    0.9078    0.8834    0.9059    0.4104   0.04816   0.02373  0.002855
   128/599     6.73G   0.03405   0.02035  0.002082   0.05649       177       640    0.9166    0.8595    0.8989    0.4224   0.04577   0.02573  0.003611
   129/599     6.73G   0.03512   0.02029  0.002138   0.05755       193       640    0.9348    0.8858    0.9039     0.441   0.04348   0.02384  0.003547
   130/599     6.73G   0.03432   0.01963  0.002393   0.05634       113       640    0.9212    0.8984     0.925    0.4355   0.04407   0.02251   0.00392
   131/599     6.73G   0.03338   0.01944  0.002187   0.05501       156       640    0.9112    0.8947      0.91    0.4351    0.0454   0.02325  0.003655
   132/599     6.73G    0.0329   0.01906  0.001844    0.0538       178       640    0.9267     0.899    0.9087    0.4396   0.04409   0.02361   0.00312
   133/599     6.73G   0.03331   0.01905  0.001932   0.05429       138       640    0.9256    0.8867    0.9059     0.421    0.0454   0.02427  0.003894
   134/599     6.73G   0.03347   0.01955   0.00182   0.05484       182       640     0.913    0.8841    0.9175    0.4358    0.0439    0.0223  0.002769
   135/599     6.73G   0.03311   0.01846  0.001941   0.05352       146       640    0.9267    0.9011    0.9202    0.4302   0.04367   0.02214  0.003157
   136/599     6.73G   0.03262   0.02008  0.002045   0.05474       173       640    0.9324    0.8906    0.9111    0.4048   0.04501    0.0237  0.003533
   137/599     6.73G   0.03356   0.01938  0.001983   0.05492       145       640     0.929    0.9132    0.9252    0.4284   0.04322   0.02302  0.002341
   138/599     6.73G   0.03259   0.01921  0.001835   0.05363       138       640    0.9236     0.904    0.9134    0.4312   0.04482   0.02247  0.002646
   139/599     6.73G   0.03287    0.0187  0.001838    0.0534       163       640    0.9319    0.8946    0.9186    0.4419   0.04373   0.02245  0.002149
   140/599     6.73G   0.03248   0.01928  0.001701   0.05346       186       640    0.9317    0.8834     0.894    0.4216   0.04594   0.02366  0.002639
   141/599     6.73G   0.03256   0.01881   0.00191   0.05328       180       640    0.9302    0.8676    0.8996    0.4222   0.04465   0.02363  0.002381
   142/599     6.73G    0.0327   0.01946  0.001866   0.05402       212       640    0.9269     0.885    0.9126    0.4359   0.04497   0.02271   0.00205
   143/599     6.73G    0.0322   0.01878   0.00173   0.05271       133       640    0.9194    0.9087     0.914    0.4292   0.04611   0.02287  0.002232
   144/599     6.73G   0.03193     0.019  0.001853   0.05279       191       640    0.9311    0.8979    0.9166    0.4414   0.04355   0.02268  0.002532
   145/599     6.73G   0.03257   0.01861  0.001742   0.05291       175       640    0.9348    0.8822    0.9181    0.4374   0.04592   0.02309   0.00222
   146/599     6.73G   0.03167   0.01927    0.0018   0.05274       188       640    0.9425    0.8874    0.9189    0.4297   0.04634   0.02329  0.002589
   147/599     6.73G     0.032   0.01908  0.001747   0.05282       166       640    0.9292    0.8961    0.9258    0.4452   0.04404   0.02329  0.002105
   148/599     6.73G    0.0319   0.01806  0.001586   0.05154       176       640    0.9328    0.9099    0.9312    0.4424   0.04495   0.02279  0.002286
   149/599     6.73G   0.03124   0.01877  0.001741   0.05175       163       640    0.9256     0.904    0.9209    0.4358    0.0461    0.0232  0.002812
   150/599     6.73G   0.03186   0.01923  0.001756   0.05285       175       640    0.9329    0.8974    0.9124    0.4285   0.04661   0.02387  0.002737
   151/599     6.73G   0.03223   0.01858  0.001664   0.05248       199       640    0.9261    0.8909    0.9117    0.4282   0.04688   0.02311  0.002788
   152/599     6.73G   0.03237   0.01867  0.001656   0.05269       194       640     0.937    0.8811    0.9105     0.434   0.04413   0.02306   0.00285
   153/599     6.73G   0.03264   0.01879   0.00166   0.05308       133       640    0.9415    0.8885     0.914    0.4307   0.04458   0.02325  0.002948
   154/599     6.73G   0.03162   0.01882  0.001902   0.05235       166       640    0.9148    0.9065    0.9202    0.4401   0.04518   0.02307  0.003056
   155/599     6.73G   0.03148    0.0197  0.002178   0.05336       203       640    0.9347    0.8899     0.923    0.4488   0.04282   0.02301   0.00282
   156/599     6.73G   0.03319   0.01889  0.001867   0.05395       162       640    0.9301     0.892    0.9076    0.4424   0.04411   0.02348  0.002841
   157/599     6.73G   0.03206   0.01897  0.001761   0.05279       121       640     0.927    0.8932    0.9047    0.4292   0.04467   0.02448  0.003544
   158/599     6.73G   0.03163   0.01896  0.001763   0.05236       164       640    0.9227    0.9151    0.9225    0.4458    0.0449   0.02397  0.004414
   159/599     6.73G   0.03156   0.01852   0.00191   0.05199       161       640    0.9386       0.9    0.9227    0.4577   0.04403   0.02437   0.00304
   160/599     6.73G   0.03135   0.01863  0.001727   0.05171       145       640    0.9354    0.8896    0.9134    0.4437   0.04442   0.02409   0.00251
   161/599     6.73G   0.03141   0.01858  0.001679   0.05166       144       640    0.9241    0.8903     0.905    0.4328   0.04537   0.02437  0.003155
   162/599     6.73G   0.03176   0.01809  0.001789   0.05163       159       640    0.9223    0.8947    0.9136    0.4386    0.0454   0.02387   0.00293
   163/599     6.73G   0.03181   0.01927  0.002198   0.05328       192       640    0.9302    0.9081    0.9243    0.4439   0.04343   0.02317  0.002748
   164/599     6.73G   0.03136   0.01935   0.00195   0.05266       162       640     0.925    0.9031    0.9216    0.4284    0.0441   0.02361  0.003934
   165/599     6.73G   0.03069   0.01893  0.002026   0.05164       182       640     0.948     0.879    0.9163    0.4331   0.04411    0.0247  0.003823
   166/599     6.73G   0.03234    0.0187  0.001801   0.05285       174       640    0.9357    0.8722    0.8945     0.432   0.04413   0.02542  0.003095
   167/599     6.73G   0.03234    0.0188  0.001931   0.05307       162       640    0.9035    0.8864    0.9059    0.4464   0.04312   0.02395  0.003108
   168/599     6.73G   0.03218   0.01919  0.001964   0.05334       162       640    0.9348    0.8746    0.9044    0.4394   0.04398   0.02469  0.003238
   169/599     6.73G   0.03156   0.01912  0.001852   0.05253       173       640    0.9461    0.8817    0.9241    0.4402   0.04512   0.02343  0.003054
   170/599     6.73G   0.03085    0.0188  0.001801   0.05145       202       640    0.9215    0.8799    0.9158    0.4408   0.04631   0.02379  0.003336
   171/599     6.73G   0.03086   0.01845  0.001701   0.05101       204       640    0.9389    0.8774    0.9172    0.4414   0.04511   0.02346  0.003876
   172/599     6.73G   0.03109   0.01811  0.001825   0.05103       201       640    0.9175    0.9093    0.9227    0.4434   0.04389   0.02341  0.003727
   173/599     6.73G   0.03122   0.01903  0.001808   0.05206       167       640    0.9376     0.888    0.9116     0.439   0.04554   0.02357  0.004308
   174/599     6.73G   0.03054   0.01906  0.002041   0.05164       205       640    0.9302    0.9082    0.9241    0.4489   0.04376   0.02299  0.003064
   175/599     6.73G    0.0312   0.01873   0.00188   0.05181       191       640    0.9321    0.8976     0.918    0.4365   0.04379   0.02459  0.002894
   176/599     6.73G   0.03071   0.01856  0.002013   0.05128       188       640    0.9222    0.8886     0.911    0.4397   0.04489   0.02552  0.002771
   177/599     6.73G   0.03158   0.01949  0.001954   0.05302       169       640    0.9233    0.8681      0.91     0.439   0.04487    0.0246  0.003412
   178/599     6.73G   0.03102   0.01802  0.001843   0.05089       201       640    0.9196    0.9003    0.9126    0.4286   0.04538   0.02386  0.002599
   179/599     6.73G   0.03078   0.01859  0.001796   0.05116       147       640    0.9243    0.8919    0.9213    0.4508   0.04347   0.02424  0.003192
   180/599     6.73G   0.03062   0.01916  0.001855   0.05163       157       640    0.9271    0.8834    0.9172    0.4484   0.04363   0.02488  0.003138
   181/599     6.73G   0.03091   0.01867   0.00164   0.05122       189       640    0.9346    0.8727    0.9001    0.4371   0.04567    0.0251  0.003576
   182/599     6.73G   0.02991     0.019  0.001744   0.05066       159       640    0.9355    0.8854    0.9107    0.4266   0.04377   0.02475  0.004167
   183/599     6.73G   0.03098   0.01848  0.001736    0.0512       154       640    0.9231    0.8826    0.9148    0.4293   0.04471   0.02374  0.003589
   184/599     6.73G   0.03073   0.01824  0.001918   0.05089       170       640    0.9466    0.8799    0.9277    0.4435   0.04371   0.02372  0.003734
   185/599     6.73G   0.03073   0.01827  0.001775   0.05077       206       640     0.936    0.8794    0.9203    0.4393   0.04386   0.02384  0.003315
   186/599     6.73G   0.03136   0.01874  0.001815   0.05191       153       640    0.9441    0.8774    0.9234    0.4476   0.04434   0.02362  0.003449
   187/599     6.73G   0.03169   0.01805   0.00176    0.0515       166       640     0.936    0.9038    0.9239    0.4525   0.04497   0.02316  0.003865
   188/599     6.73G   0.03124   0.01847  0.001849   0.05155       154       640    0.9392    0.8868      0.91    0.4337   0.04543    0.0239  0.003534
   189/599     6.73G   0.03083    0.0184  0.001642   0.05087       187       640    0.9216    0.9214    0.9225    0.4343   0.04392   0.02248  0.003403
   190/599     6.73G   0.03016   0.01832  0.001637   0.05012       163       640    0.9409    0.8904    0.9128    0.4396   0.04431   0.02315  0.003251
   191/599     6.73G   0.03054   0.01866  0.001857   0.05105       210       640    0.9367    0.8811    0.9019    0.4371   0.04655   0.02406  0.003227
   192/599     6.73G      0.03   0.01852  0.001734   0.05025       186       640    0.9395    0.8956    0.9117    0.4371   0.04612   0.02393  0.003563
   193/599     6.73G   0.03102   0.01885  0.001768   0.05163       166       640     0.925    0.8882     0.901    0.4419   0.04471   0.02442  0.003331
   194/599     6.73G   0.03021   0.01844  0.001874   0.05053       184       640    0.9446    0.9003    0.9219    0.4507   0.04534   0.02403  0.003202
   195/599     6.73G   0.03011   0.01779  0.001643   0.04955       149       640    0.9473     0.911    0.9293    0.4518   0.04413   0.02309  0.003689
   196/599     6.73G   0.03067   0.01812  0.002049   0.05083       146       640    0.9306    0.8857    0.9009    0.4399   0.04473   0.02334  0.004287
   197/599     6.73G   0.03149   0.01845  0.001845   0.05179       165       640    0.9255    0.8932    0.9124    0.4498    0.0447   0.02413  0.004617
   198/599     6.73G   0.03086   0.01869  0.001636   0.05119       173       640    0.9275    0.8916    0.9074    0.4373   0.04495   0.02459  0.003562
   199/599     6.73G      0.03   0.01804  0.001769   0.04982       191       640    0.9204    0.9037     0.904    0.4379   0.04444   0.02422  0.003071
   200/599     6.73G    0.0298   0.01846  0.002045    0.0503       181       640     0.949    0.8967    0.9127    0.4307   0.04479   0.02467  0.002847
   201/599     6.73G   0.02977   0.01879  0.001944    0.0505       231       640    0.9189     0.894    0.9059    0.4319   0.04495   0.02561  0.003661
   202/599     6.73G   0.03063   0.01843  0.001706   0.05076       165       640    0.9189     0.928    0.9338    0.4502   0.04342     0.023   0.00304
   203/599     6.73G   0.03008   0.01827  0.001888   0.05023       158       640     0.915    0.9367    0.9297    0.4499   0.04372   0.02283  0.003019
   204/599     6.73G    0.0301   0.01853  0.001486   0.05012       198       640    0.9297    0.9235    0.9276    0.4391   0.04435   0.02407  0.002832
   205/599     6.73G   0.02969   0.01848  0.001756   0.04993       173       640    0.9378    0.9058    0.9326     0.435   0.04429   0.02364  0.003042
   206/599     6.73G   0.02992    0.0185  0.001723   0.05015       130       640    0.9175     0.915    0.9272    0.4381   0.04429   0.02376  0.003756
   207/599     6.73G    0.0293   0.01854  0.001794   0.04964       184       640    0.9537    0.8722    0.9262    0.4436   0.04403   0.02382  0.003554
   208/599     6.73G   0.02961   0.01809    0.0016   0.04931       108       640    0.9237    0.8833     0.914    0.4342   0.04524     0.024  0.002856
   209/599     6.73G   0.03067   0.01845  0.001755   0.05087       174       640    0.9077    0.9075    0.9144     0.427   0.04531   0.02512  0.003516
   210/599     6.73G   0.03026   0.01838  0.001693   0.05033       167       640    0.9152    0.9001    0.9146    0.4338   0.04489   0.02566  0.003507
   211/599     6.73G   0.02972   0.01809  0.001677   0.04949       197       640     0.928    0.9085    0.9256    0.4384    0.0432   0.02414  0.002639
   212/599     6.73G   0.02989   0.01851  0.001896    0.0503       179       640    0.9292    0.9014    0.9203    0.4307    0.0441   0.02392  0.002982
   213/599     6.73G   0.02937   0.01828  0.001646   0.04929       188       640    0.9374    0.9153    0.9324     0.439   0.04366   0.02331  0.002705
   214/599     6.73G    0.0293   0.01796  0.001622   0.04888       150       640    0.9503    0.8945    0.9323    0.4443   0.04399   0.02423  0.002312
   215/599     6.73G    0.0302   0.01794  0.001485   0.04962       198       640    0.9508    0.8876    0.9222    0.4483   0.04424   0.02597   0.00343
   216/599     6.73G   0.02877   0.01794  0.001565   0.04828       164       640    0.9217    0.8939    0.9213    0.4544   0.04468   0.02434  0.003286
   217/599     6.73G   0.02932   0.01818  0.001635   0.04913       177       640    0.9381    0.8827    0.9148    0.4285   0.04363   0.02466  0.003355
   218/599     6.73G   0.02974   0.01765  0.001333   0.04871       154       640    0.9439    0.9032    0.9311    0.4448   0.04336   0.02363  0.002635
   219/599     6.73G   0.02958   0.01821  0.001424   0.04921       139       640    0.9307     0.893     0.911    0.4258    0.0448   0.02549  0.003211
   220/599     6.73G   0.02974   0.01844  0.001608   0.04979       164       640    0.9279    0.9012    0.9306    0.4389   0.04344   0.02422  0.002538
   221/599     6.73G   0.02908    0.0178  0.001619    0.0485       152       640    0.9385     0.895    0.9226    0.4449   0.04304   0.02453  0.002279
   222/599     6.73G   0.03087   0.01874  0.001678   0.05129       196       640    0.9293    0.9064    0.9258    0.4496   0.04263   0.02455   0.00292
   223/599     6.73G   0.02896   0.01786  0.001641   0.04846       156       640    0.9227    0.9018    0.9255    0.4498    0.0437   0.02405  0.003254
   224/599     6.73G   0.02959   0.01787  0.001734    0.0492       182       640    0.9301    0.8821    0.9094    0.4351   0.04467   0.02571  0.003993
   225/599     6.73G   0.02874   0.01799  0.001666    0.0484       188       640      0.94    0.9011    0.9163    0.4328   0.04457   0.02467  0.003293
   226/599     6.73G   0.02954   0.01779  0.002003   0.04933       183       640    0.9271    0.8891    0.9103    0.4287   0.04548   0.02456  0.002527
   227/599     6.73G   0.02909    0.0177  0.001627   0.04841       181       640    0.9181    0.8967    0.9126    0.4468   0.04449    0.0244  0.002609
   228/599     6.73G   0.02855   0.01744  0.001377   0.04736       148       640    0.9459    0.8896    0.9246    0.4511   0.04379   0.02458  0.002719
   229/599     6.73G   0.02851   0.01773  0.001574   0.04781       175       640    0.9376     0.888    0.9165    0.4454   0.04429   0.02537  0.003114
   230/599     6.73G   0.02904   0.01762  0.001477   0.04814       161       640    0.9361    0.8935    0.9138    0.4471   0.04479   0.02542  0.003587
   231/599     6.73G   0.02859   0.01722  0.001471   0.04728       149       640    0.9228    0.8965    0.9128    0.4458   0.04437   0.02431  0.003491
   232/599     6.73G   0.02839   0.01764  0.001514   0.04754       163       640    0.9306    0.8897    0.9185    0.4488   0.04382   0.02448  0.002995
   233/599     6.73G   0.02886   0.01752  0.001544   0.04792       153       640    0.9293    0.9067    0.9199    0.4451   0.04411   0.02408  0.002916
   234/599     6.73G   0.02944   0.01824  0.001575   0.04925       175       640     0.936    0.8917    0.9126    0.4321   0.04499   0.02433  0.003272
   235/599     6.73G    0.0291   0.01769  0.001706    0.0485       149       640    0.9065    0.9139    0.9105    0.4378   0.04502   0.02408  0.003349
   236/599     6.73G   0.02857    0.0181  0.001626   0.04829       156       640     0.931    0.8837    0.9033    0.4366    0.0447   0.02437  0.003317
   237/599     6.73G   0.02859   0.01801  0.001416   0.04801       159       640    0.9272    0.8934    0.9092    0.4392   0.04519   0.02383  0.002313
   238/599     6.73G   0.02913   0.01779  0.001603   0.04853       168       640    0.9225    0.8878    0.9118    0.4426   0.04428   0.02457  0.002654
   239/599     6.73G   0.02845   0.01807  0.001418   0.04793       177       640    0.9309    0.9014    0.9088    0.4479   0.04424   0.02604  0.003054
   240/599     6.73G   0.02851   0.01749  0.001521   0.04752       137       640    0.9222    0.8919    0.9076    0.4364   0.04395   0.02562  0.002721
   241/599     6.73G   0.02853   0.01754  0.001891   0.04796       183       640    0.8982    0.9207    0.9163    0.4391   0.04349   0.02443  0.002673
   242/599     6.73G   0.02892   0.01814  0.001647    0.0487       161       640    0.9135    0.8936     0.912    0.4428   0.04435   0.02438  0.003228
   243/599     6.73G   0.02913   0.01703  0.001661   0.04783       146       640    0.9115     0.906    0.9144    0.4334   0.04493   0.02459  0.003358
   244/599     6.73G   0.02852   0.01796  0.001627   0.04811       157       640    0.9389    0.8906    0.9144    0.4446   0.04436   0.02459  0.003837
   245/599     6.73G   0.02773   0.01775  0.001542   0.04702       192       640    0.9429    0.8922     0.917    0.4451   0.04396   0.02464  0.003243
   246/599     6.73G   0.02802   0.01805  0.001545   0.04761       164       640    0.9243    0.8871    0.8998    0.4306    0.0448   0.02579  0.003137
   247/599     6.73G   0.02763   0.01757  0.001554   0.04676       160       640    0.8944    0.9029    0.9042    0.4319   0.04509   0.02516  0.003347
   248/599     6.73G   0.02817   0.01764  0.001398   0.04721       178       640    0.9001    0.9115    0.9103     0.447   0.04419   0.02499  0.004091
   249/599     6.73G   0.02857   0.01775  0.001525   0.04784       174       640    0.9172    0.9029     0.908    0.4357   0.04434   0.02518  0.004567
   250/599     6.73G   0.02802   0.01748  0.001613   0.04712       163       640    0.9041    0.8886    0.9027    0.4337   0.04471    0.0259  0.004175
   251/599     6.73G   0.02804   0.01749  0.001395   0.04693       183       640    0.9042    0.8604    0.8836    0.4269   0.04639   0.02584  0.004348
   252/599     6.73G    0.0282   0.01814  0.001289   0.04763       139       640    0.9163    0.8887    0.9069    0.4437   0.04508   0.02505  0.003985
   253/599     6.73G   0.02856   0.01749  0.001602   0.04765       188       640    0.9088    0.8939    0.9067    0.4333   0.04501    0.0251  0.004288
   254/599     6.73G   0.02776   0.01772   0.00141    0.0469       155       640    0.9346     0.893    0.9095    0.4371   0.04414   0.02485  0.003516
   255/599     6.73G   0.02727   0.01776  0.001523   0.04655       188       640    0.9289    0.8759    0.9075    0.4381    0.0436   0.02547  0.003139
   256/599     6.73G   0.02843   0.01695   0.00168   0.04706       137       640    0.9055    0.8855    0.9002    0.4344   0.04351   0.02557  0.003148
   257/599     6.73G   0.02832    0.0173  0.001436   0.04706       180       640     0.917     0.894    0.8981    0.4372   0.04413    0.0252  0.003362
   258/599     6.73G   0.02775   0.01688  0.001384   0.04602       181       640    0.9319    0.8723    0.8964      0.43   0.04415   0.02663  0.003686
   259/599     6.73G   0.02801   0.01765  0.001537    0.0472       126       640    0.9207    0.8765    0.8901     0.427   0.04607   0.02672  0.004041
   260/599     6.73G   0.02827   0.01694  0.001502   0.04671       177       640    0.9251     0.881    0.9051    0.4386   0.04541   0.02624  0.003727
   261/599     6.73G   0.02815   0.01706  0.001576   0.04679       176       640     0.912    0.8916    0.9055    0.4503   0.04451   0.02557  0.003582
   262/599     6.73G   0.02829   0.01764  0.001699   0.04763       162       640     0.914    0.8954    0.9044    0.4274   0.04506   0.02519  0.003665
   263/599     6.73G   0.02864   0.01841  0.001706   0.04876       186       640    0.9343    0.8737    0.8983    0.4413   0.04439   0.02538  0.003173
   264/599     6.73G   0.02728   0.01716  0.001473   0.04591       139       640    0.9152    0.8919    0.9038    0.4409   0.04394   0.02536  0.002977
   265/599     6.73G   0.02793   0.01789  0.001565   0.04739       180       640    0.9163    0.8867    0.9025    0.4424   0.04416   0.02535  0.003021
   266/599     6.73G   0.02712   0.01727    0.0013   0.04569       202       640    0.9194    0.8811    0.9044    0.4407   0.04503   0.02546  0.002789
   267/599     6.73G    0.0281    0.0173  0.001322   0.04672       184       640    0.9206    0.8952    0.9168    0.4471   0.04419   0.02541  0.002669
   268/599     6.73G   0.02697   0.01764  0.001372   0.04598       216       640    0.9183    0.8965    0.9202    0.4418   0.04442   0.02506  0.002826
   269/599     6.73G   0.02816   0.01764  0.001349   0.04715       176       640    0.9088    0.9082    0.9123    0.4453   0.04417   0.02569  0.002809
   270/599     6.73G   0.02704    0.0175   0.00138   0.04592       139       640    0.9414     0.888    0.9083     0.443   0.04406   0.02577  0.002861
   271/599     6.73G   0.02763    0.0173  0.001333   0.04626       150       640    0.9225    0.8848    0.9053    0.4324   0.04616   0.02676  0.003284
   272/599     6.73G   0.02733   0.01727  0.001415   0.04602       159       640    0.9237     0.882    0.8868    0.4133   0.04736   0.02731  0.003607
   273/599     6.73G   0.02809   0.01709  0.001424   0.04661       157       640    0.9199    0.8922    0.9012    0.4295   0.04406   0.02608  0.003015
   274/599     6.73G   0.02881   0.01741  0.001625   0.04784       173       640     0.934    0.9001    0.9149    0.4456   0.04476   0.02527  0.003051
   275/599     6.73G   0.02736   0.01736  0.001424   0.04615       190       640    0.9281    0.9085    0.9177    0.4381   0.04537   0.02554  0.003023
   276/599     6.73G   0.02751   0.01687  0.001348   0.04573       219       640    0.9261    0.8947     0.916    0.4407   0.04501   0.02593  0.003184
   277/599     6.73G   0.02726   0.01813  0.001614   0.04701       179       640    0.9409    0.8821    0.9167    0.4309    0.0444   0.02587  0.003285
   278/599     6.73G   0.02744   0.01697  0.001414   0.04582       169       640    0.9345    0.8853      0.91    0.4451   0.04445   0.02561  0.003812
   279/599     6.73G   0.02739    0.0174  0.001309   0.04609       143       640    0.9406    0.8899     0.916    0.4471   0.04367   0.02543  0.004006
   280/599     6.73G   0.02749   0.01683  0.001254   0.04558       177       640    0.9283    0.9032    0.9194    0.4456   0.04403   0.02592  0.003972
   281/599     6.73G   0.02721   0.01702  0.001365   0.04559       155       640    0.9386    0.8956    0.9168     0.441   0.04517   0.02601  0.003632
   282/599     6.73G   0.02729   0.01705  0.001452   0.04579       149       640    0.9486    0.8986    0.9199     0.447   0.04485   0.02532  0.003112
   283/599     6.73G    0.0275   0.01735  0.001262   0.04611       199       640    0.9144    0.8923     0.902    0.4302   0.04576   0.02645   0.00388
   284/599     6.73G   0.02727    0.0169  0.001537   0.04571       153       640    0.9317    0.8851    0.9107    0.4471   0.04463   0.02661  0.003489
   285/599     6.73G   0.02672   0.01702  0.001573   0.04531       178       640    0.9519    0.8902    0.9247     0.459   0.04308     0.026  0.003779
   286/599     6.73G   0.02726   0.01722  0.001539   0.04603       184       640    0.9334    0.8851    0.9037    0.4526   0.04297   0.02727  0.003296
   287/599     6.73G   0.02695   0.01732  0.001335    0.0456       179       640    0.9344    0.8849    0.9058    0.4488   0.04285   0.02809  0.003039
   288/599     6.73G   0.02776    0.0169  0.001388   0.04605       166       640    0.9164    0.8942    0.9131    0.4569   0.04305   0.02691  0.002627
   289/599     6.73G   0.02724   0.01683  0.001525   0.04559       165       640    0.9318    0.8919    0.9138    0.4455   0.04345   0.02681  0.002678
   290/599     6.73G   0.02729   0.01762  0.001431   0.04634       146       640    0.9289     0.901    0.9181    0.4476   0.04356   0.02612  0.002347
   291/599     6.73G   0.02731   0.01785  0.001473   0.04663       212       640    0.9268    0.8797    0.9055    0.4377   0.04499   0.02711  0.002835
   292/599     6.73G   0.02663   0.01787  0.001419   0.04592       204       640    0.9388    0.8919    0.9058    0.4364   0.04542    0.0268  0.002813
   293/599     6.73G   0.02718   0.01748    0.0014   0.04605       204       640    0.9366    0.8913     0.906    0.4356   0.04423   0.02631  0.002738
   294/599     6.73G   0.02681   0.01705  0.001445   0.04531       189       640    0.9324    0.8815    0.8974    0.4398   0.04449   0.02689  0.003036
   295/599     6.73G   0.02681   0.01684  0.001286   0.04494       133       640    0.9306    0.8935    0.8967     0.437   0.04411   0.02629   0.00283
   296/599     6.73G   0.02702   0.01672  0.001383   0.04512       180       640    0.9343    0.8999    0.9075    0.4345   0.04445    0.0257   0.00311
   297/599     6.73G   0.02688   0.01755   0.00149   0.04592       145       640    0.9472    0.8728    0.9051    0.4295   0.04441   0.02659  0.003246
   298/599     6.73G   0.02674   0.01714  0.001309   0.04518       133       640    0.9301    0.8781    0.9073    0.4421   0.04422   0.02638  0.003391
   299/599     6.73G   0.02653   0.01778  0.001415   0.04572       201       640    0.9373     0.894     0.909    0.4356   0.04352   0.02586  0.002886
   300/599     6.73G   0.02685   0.01752  0.001355   0.04572       160       640    0.9477     0.891    0.9188    0.4501    0.0435   0.02511  0.003236
   301/599     6.73G   0.02692   0.01721  0.001443   0.04558       182       640    0.9243    0.9016    0.9069    0.4349   0.04416   0.02572  0.003144
   302/599     6.73G   0.02735   0.01732  0.001368   0.04604       198       640    0.9345     0.906    0.9172    0.4467   0.04366    0.0258  0.003022
   303/599     6.73G   0.02674   0.01713   0.00158   0.04546       180       640    0.9293    0.9189    0.9196    0.4405   0.04405    0.0248  0.003041
   304/599     6.73G   0.02687   0.01709   0.00138   0.04534       187       640    0.9289    0.9038     0.917    0.4467   0.04388   0.02484  0.003028
   305/599     6.73G   0.02641    0.0171  0.001402   0.04491       162       640    0.9407    0.8952    0.9146    0.4572   0.04367   0.02578  0.003061
   306/599     6.73G   0.02629    0.0169  0.001498   0.04468       164       640    0.9163    0.8998    0.9058    0.4498   0.04378    0.0265    0.0033
   307/599     6.73G   0.02667   0.01713  0.001482   0.04528       134       640    0.9186     0.891    0.9024    0.4491    0.0442     0.027  0.003544
   308/599     6.73G   0.02696   0.01671  0.001534   0.04521       191       640    0.9204    0.8919    0.9105    0.4522   0.04365   0.02611  0.004287
   309/599     6.73G   0.02661   0.01689  0.001311   0.04482       141       640    0.9338    0.8818    0.9085    0.4434   0.04398   0.02599  0.004668
   310/599     6.73G   0.02712   0.01697  0.001858   0.04595       142       640    0.9305    0.9043    0.9163    0.4397   0.04407   0.02538  0.003328
   311/599     6.73G   0.02726   0.01723  0.001825   0.04632       167       640    0.9358    0.8973    0.9157    0.4395   0.04537     0.026  0.004309
   312/599     6.73G   0.02697   0.01814  0.001318   0.04643       206       640    0.9319    0.8787    0.9106    0.4322   0.04542   0.02553  0.004113
   313/599     6.73G   0.02696   0.01747  0.001446   0.04587       174       640    0.9271    0.8907    0.9064    0.4408   0.04403   0.02504  0.003627
   314/599     6.73G   0.02642   0.01709  0.001381   0.04489       183       640    0.9268    0.8752    0.9117    0.4481   0.04372    0.0256  0.003771
   315/599     6.73G   0.02625   0.01696  0.001525   0.04473       166       640    0.9261    0.8752    0.9086    0.4425   0.04476   0.02591  0.003211
   316/599     6.73G   0.02708   0.01683  0.001156   0.04507       153       640    0.9324    0.8909    0.9088    0.4492   0.04408   0.02562  0.002685
   317/599     6.73G   0.02626   0.01659  0.001451   0.04429       166       640     0.936    0.8865    0.9046    0.4479    0.0442   0.02582  0.002621
   318/599     6.73G   0.02634    0.0167  0.001333   0.04437       143       640    0.9337    0.8933    0.9117    0.4483    0.0443   0.02573  0.002839
   319/599     6.73G   0.02739   0.01719  0.001395   0.04597       182       640    0.9266    0.9184    0.9147    0.4464    0.0439   0.02519  0.003239
   320/599     6.73G   0.02601   0.01678  0.001394   0.04418       138       640     0.939    0.8918     0.912    0.4472    0.0436    0.0256  0.003079
   321/599     6.73G   0.02622   0.01706  0.001317    0.0446       164       640    0.9492    0.8954    0.9259      0.45   0.04318   0.02572  0.002754
   322/599     6.73G   0.02655   0.01672  0.001343   0.04461       150       640    0.9317    0.9033    0.9166    0.4512   0.04367   0.02562  0.002699
   323/599     6.73G   0.02593   0.01719  0.001339   0.04446       182       640     0.917    0.8972    0.9056    0.4519   0.04416   0.02603  0.003093
   324/599     6.73G   0.02598   0.01692  0.001317   0.04422       136       640    0.9422    0.8897    0.9174    0.4478   0.04408   0.02516  0.003634
   325/599     6.73G   0.02678   0.01681  0.001653   0.04524       165       640    0.9338    0.9028     0.923    0.4372   0.04458   0.02533  0.003749
   326/599     6.73G   0.02618   0.01653  0.001323   0.04403       146       640    0.9284    0.8998    0.9071    0.4395   0.04445   0.02532  0.002959
   327/599     6.73G   0.02559   0.01657  0.001347    0.0435       173       640    0.9277    0.9028    0.9134    0.4267   0.04523   0.02528  0.002487
   328/599     6.73G   0.02611   0.01731  0.001329   0.04475       174       640    0.9345     0.903    0.9112     0.436   0.04464   0.02559  0.002663
   329/599     6.73G   0.02562   0.01712  0.001228   0.04397       189       640    0.9208    0.9142     0.913    0.4454   0.04425    0.0255  0.002934
   330/599     6.73G   0.02599   0.01698  0.001299   0.04427       157       640    0.9123     0.912    0.9146     0.445   0.04429   0.02567  0.003197
   331/599     6.73G   0.02581   0.01671  0.001295   0.04381       184       640    0.9378    0.8993     0.925    0.4415   0.04445    0.0254  0.003558
   332/599     6.73G   0.02564   0.01708  0.001232   0.04396       212       640    0.9291    0.9086    0.9251      0.44   0.04514   0.02573  0.003752
   333/599     6.73G   0.02615   0.01704  0.001348   0.04454       155       640    0.9322    0.9061    0.9195    0.4496   0.04543   0.02541  0.003637
   334/599     6.73G   0.02623     0.017  0.001147   0.04438       151       640    0.9384    0.9158    0.9269    0.4455   0.04412   0.02443  0.003521
   335/599     6.73G   0.02551   0.01707  0.001289   0.04387       144       640    0.9371    0.9082    0.9256    0.4394   0.04425   0.02482  0.003659
   336/599     6.73G   0.02492   0.01605  0.001287   0.04226       203       640    0.9263    0.9058     0.921    0.4431   0.04441   0.02584  0.003603
   337/599     6.73G   0.02599   0.01683  0.001239   0.04406       177       640    0.9301    0.8973    0.9127     0.439   0.04438   0.02604   0.00387
   338/599     6.73G   0.02574   0.01676  0.001288   0.04379       159       640    0.9296    0.9077    0.9202    0.4413    0.0443   0.02622  0.003598
   339/599     6.73G   0.02563   0.01682  0.001359   0.04381       184       640    0.9194    0.9114    0.9176    0.4393   0.04398   0.02613  0.003306
   340/599     6.73G   0.02529   0.01638  0.001163   0.04283       194       640    0.9393    0.8911    0.9139    0.4436   0.04484   0.02634  0.003181
   341/599     6.73G   0.02534   0.01682   0.00133   0.04349       173       640    0.9187    0.9138    0.9109    0.4386   0.04476   0.02611  0.002947
   342/599     6.73G   0.02545   0.01669  0.001336   0.04348       163       640    0.9284    0.9141    0.9173    0.4294   0.04413   0.02639  0.002776
   343/599     6.73G   0.02547    0.0174  0.001336   0.04421       181       640    0.9198    0.9128    0.9207    0.4372   0.04463    0.0257  0.002745
   344/599     6.73G    0.0252   0.01658  0.001232   0.04301       142       640     0.918    0.9116    0.9158    0.4418   0.04442   0.02553   0.00269
   345/599     6.73G   0.02563   0.01655  0.001195   0.04338       163       640    0.9239    0.8958     0.915    0.4414   0.04407   0.02562  0.002813
   346/599     6.73G   0.02511   0.01625  0.001318   0.04267       156       640    0.9469    0.8811     0.915    0.4399   0.04454   0.02622  0.002975
   347/599     6.73G   0.02527   0.01652  0.001387   0.04317       161       640    0.9283    0.8981    0.9172     0.431   0.04488    0.0264  0.002917
   348/599     6.73G   0.02508   0.01621  0.001234   0.04252       160       640    0.9355    0.9024    0.9243    0.4425   0.04379   0.02593  0.002959
   349/599     6.73G   0.02543   0.01662  0.001302   0.04335       203       640    0.9347     0.897     0.922     0.446   0.04372    0.0263  0.003396
   350/599     6.73G   0.02506   0.01646   0.00123   0.04275       160       640    0.9272    0.9036    0.9132    0.4457   0.04415   0.02695   0.00329
   351/599     6.73G   0.02476   0.01659  0.001166   0.04252       148       640    0.9325    0.8843    0.9138    0.4427   0.04451   0.02727  0.003488
   352/599     6.73G     0.025   0.01607  0.001231    0.0423       162       640    0.9459    0.9002     0.921    0.4518   0.04419   0.02669  0.003148
   353/599     6.73G   0.02544   0.01644  0.001068   0.04295       157       640     0.926    0.9098    0.9178    0.4462   0.04375   0.02606  0.003254
   354/599     6.73G   0.02529   0.01627  0.001229   0.04279       148       640    0.9327    0.9062    0.9219    0.4492   0.04381   0.02586  0.004102
   355/599     6.73G   0.02488   0.01654  0.001262   0.04268       167       640    0.9289    0.9058    0.9249      0.45   0.04394   0.02601  0.004549
   356/599     6.73G   0.02441   0.01655  0.001222   0.04219       178       640    0.9381    0.8903    0.9219     0.445    0.0441   0.02582  0.004312
   357/599     6.73G   0.02533   0.01678  0.001265   0.04337       186       640    0.9212    0.9172    0.9228    0.4496   0.04407   0.02577  0.004033
   358/599     6.73G   0.02532     0.016  0.001211   0.04253       135       640    0.9344     0.911    0.9253    0.4566   0.04364   0.02644  0.003953
   359/599     6.73G   0.02447   0.01626  0.001245   0.04198       174       640    0.9278    0.8996    0.9186    0.4439     0.044   0.02667  0.003995
   360/599     6.73G   0.02529   0.01659  0.001352   0.04324       124       640    0.9326     0.904    0.9201    0.4447   0.04396   0.02628  0.003861
   361/599     6.73G   0.02495   0.01707  0.001175   0.04319       160       640    0.9284    0.9029    0.9158    0.4342   0.04421   0.02665   0.00393
   362/599     6.73G   0.02512   0.01707  0.001278   0.04347       167       640    0.9277    0.9028    0.9138    0.4337    0.0446    0.0264  0.003812
   363/599     6.73G   0.02435    0.0164  0.001034   0.04179       127       640    0.9336     0.903    0.9156    0.4314    0.0442   0.02644  0.003785
   364/599     6.73G   0.02527   0.01703  0.001231   0.04354       163       640     0.944    0.8906    0.9169    0.4374    0.0443   0.02703  0.003806
   365/599     6.73G    0.0247   0.01686   0.00107   0.04264       153       640    0.9304    0.9053    0.9157    0.4341   0.04504   0.02711  0.003474
   366/599     6.73G   0.02505   0.01624   0.00145   0.04275       162       640    0.9377     0.896    0.9122    0.4416   0.04462   0.02706  0.003171
   367/599     6.73G   0.02442   0.01667  0.001285   0.04238       172       640     0.946    0.8852    0.9194    0.4487   0.04399   0.02651  0.003335
   368/599     6.73G    0.0245   0.01653   0.00128   0.04231       162       640    0.9445    0.8798    0.9165    0.4393   0.04456   0.02625  0.003354
   369/599     6.73G   0.02448   0.01626  0.001203   0.04194       143       640    0.9453    0.8761    0.9081     0.436   0.04475   0.02703  0.003383
   370/599     6.73G   0.02467   0.01643  0.001228   0.04234       191       640    0.9438    0.8906    0.9141    0.4354    0.0444   0.02652  0.003359
   371/599     6.73G   0.02463   0.01625  0.001246   0.04213       179       640    0.9345    0.9032    0.9164    0.4314   0.04465    0.0262  0.003267
   372/599     6.73G   0.02494   0.01605  0.001221   0.04221       187       640    0.9318    0.9058    0.9128    0.4331   0.04428   0.02663  0.003395
   373/599     6.73G   0.02444   0.01647  0.001151   0.04206       144       640     0.948    0.8895    0.9089    0.4389   0.04436   0.02723  0.003582
   374/599     6.73G   0.02461   0.01618  0.001092   0.04189       181       640     0.935    0.8925    0.9073    0.4322   0.04463    0.0279  0.003915
   375/599     6.73G   0.02433   0.01571  0.001262    0.0413       121       640    0.9344    0.9029    0.9132    0.4401   0.04444   0.02713  0.004008
   376/599     6.73G   0.02399   0.01626  0.001136   0.04138       188       640    0.9293    0.8945    0.9139    0.4403   0.04456   0.02685  0.003639
   377/599     6.73G   0.02469   0.01655  0.001339   0.04257       194       640     0.923    0.8918    0.9134    0.4364   0.04476   0.02674  0.003253
   378/599     6.73G   0.02411   0.01616  0.001126   0.04139       168       640    0.9144    0.9026    0.9131    0.4297   0.04453   0.02656  0.003275
   379/599     6.73G   0.02451   0.01638  0.001152   0.04204       192       640    0.9111    0.8924    0.9089    0.4267   0.04475   0.02635     0.003
   380/599     6.73G   0.02433    0.0165  0.001208   0.04203       199       640    0.9388    0.8924    0.9184      0.44   0.04452   0.02652  0.002949
   381/599     6.73G     0.024   0.01618  0.001092   0.04127       159       640     0.927    0.9041    0.9249    0.4364    0.0445   0.02688  0.003143
   382/599     6.73G   0.02441   0.01648  0.001315   0.04221       168       640    0.9537    0.8836    0.9191    0.4288   0.04502   0.02638  0.003078
   383/599     6.73G   0.02421   0.01604  0.001198   0.04144       156       640     0.938    0.8903     0.921    0.4266   0.04454   0.02611  0.003088
   384/599     6.73G    0.0242   0.01633  0.001174   0.04171       153       640    0.9339    0.8959    0.9183    0.4273   0.04421   0.02617  0.003012
   385/599     6.73G   0.02383   0.01583  0.001243    0.0409       180       640    0.9381    0.8839     0.913    0.4291   0.04462   0.02653  0.003003
   386/599     6.73G   0.02424   0.01577   0.00121   0.04122       195       640    0.9296    0.8813     0.911    0.4298   0.04465   0.02714  0.003203
   387/599     6.73G   0.02428   0.01611  0.001241   0.04163       170       640     0.939    0.8764    0.9121     0.436   0.04438   0.02753  0.003451
   388/599     6.73G   0.02375   0.01597    0.0013   0.04102       157       640    0.9221    0.8853    0.9083    0.4312   0.04449   0.02736   0.00355
   389/599     6.73G   0.02428   0.01603  0.001293    0.0416       182       640    0.9228    0.8899     0.912    0.4304   0.04479   0.02679  0.003452
   390/599     6.73G   0.02385   0.01614  0.001125   0.04112       156       640    0.9454    0.8731    0.9117    0.4308   0.04439    0.0268  0.003488
   391/599     6.73G   0.02409   0.01585   0.00119   0.04113       142       640    0.9504    0.8705    0.9133    0.4314   0.04449   0.02722  0.003832
   392/599     6.73G   0.02422   0.01652  0.001282   0.04203       178       640     0.931    0.8957    0.9188     0.434   0.04465   0.02717  0.003894
   393/599     6.73G   0.02388   0.01566   0.00101   0.04055       142       640    0.9282    0.8986    0.9216    0.4399   0.04468   0.02714  0.003717
   394/599     6.73G   0.02376   0.01646  0.001088    0.0413       171       640    0.9428    0.8804    0.9211    0.4381   0.04433   0.02706  0.003689
   395/599     6.73G   0.02401   0.01618  0.001212   0.04141       163       640    0.9316    0.8839    0.9167    0.4365   0.04401   0.02667  0.003587
   396/599     6.73G   0.02393   0.01571  0.001092   0.04074       209       640    0.9179    0.9206    0.9238     0.436   0.04395   0.02665   0.00357
   397/599     6.73G   0.02335    0.0162  0.001055   0.04061       168       640    0.9306    0.8893    0.9173    0.4295   0.04468   0.02737  0.003796
   398/599     6.73G   0.02402    0.0163  0.001259   0.04158       169       640    0.9372    0.8784    0.9167    0.4285   0.04466   0.02785  0.003419
   399/599     6.73G   0.02388   0.01651  0.001227   0.04162       194       640    0.9409    0.8809    0.9145    0.4326   0.04472   0.02796  0.003485
   400/599     6.73G   0.02443    0.0162  0.001286   0.04191       150       640    0.9325     0.875    0.9125    0.4344   0.04471   0.02798  0.003767
   401/599     6.73G   0.02388    0.0161   0.00116   0.04114       151       640     0.934    0.8732    0.9048    0.4325   0.04496   0.02762   0.00378
   402/599     6.73G   0.02325   0.01578  0.001066    0.0401       152       640    0.9201    0.8865    0.9096    0.4293   0.04508   0.02794   0.00396
   403/599     6.73G   0.02353   0.01573  0.001162   0.04043       196       640      0.92    0.8803    0.9101    0.4287   0.04441   0.02827  0.003817
   404/599     6.73G    0.0239   0.01572  0.001267   0.04089       150       640    0.9168    0.8812    0.9068    0.4374   0.04435   0.02808  0.003809
   405/599     6.73G   0.02342   0.01566   0.00113   0.04021       168       640    0.9082    0.8968    0.9082    0.4305   0.04436   0.02757  0.003584
   406/599     6.73G   0.02348   0.01652  0.001095    0.0411       190       640     0.932    0.8746    0.9053    0.4309   0.04443   0.02789  0.003373
   407/599     6.73G   0.02412   0.01552  0.001328   0.04097       184       640     0.948    0.8535    0.9082    0.4352   0.04473    0.0281   0.00333
   408/599     6.73G   0.02379    0.0157  0.001188   0.04068       167       640    0.9298    0.8752    0.9074    0.4348   0.04438   0.02817  0.003455
   409/599     6.73G   0.02413   0.01594  0.001215   0.04129       167       640    0.9045    0.8962     0.911    0.4341   0.04427   0.02826  0.003823
   410/599     6.73G   0.02327   0.01537  0.001181   0.03982       134       640    0.9199    0.8819    0.9145    0.4341   0.04438     0.028  0.003906
   411/599     6.73G   0.02332   0.01602   0.00113   0.04047       156       640    0.9194    0.8813    0.9127    0.4312   0.04453   0.02781  0.003785
   412/599     6.73G   0.02394   0.01559   0.00105   0.04058       152       640    0.9287    0.8776    0.9141    0.4286   0.04521   0.02822  0.003601
   413/599     6.73G   0.02335   0.01587  0.001229   0.04045       177       640     0.912    0.8998    0.9215    0.4281   0.04478   0.02797  0.003369
   414/599     6.73G   0.02299   0.01539  0.001017    0.0394       182       640    0.9379    0.8792    0.9186    0.4253   0.04437   0.02801  0.003295
   415/599     6.73G   0.02376   0.01582  0.001309   0.04089       191       640    0.9409     0.871    0.9174    0.4223   0.04469   0.02866  0.003412
   416/599     6.73G   0.02354   0.01548  0.001131   0.04016       169       640    0.9427    0.8845    0.9193    0.4214   0.04514   0.02751  0.003417
   417/599     6.73G    0.0234   0.01577  0.001111   0.04028       147       640    0.9287    0.9013    0.9204    0.4318   0.04481   0.02693  0.003331
   418/599     6.73G   0.02333   0.01522  0.001053   0.03961       253       640    0.9373    0.8928    0.9187    0.4326    0.0445   0.02691  0.003227
   419/599     6.73G   0.02359   0.01597  0.001231   0.04079       172       640    0.9323    0.8819    0.9196     0.438   0.04452   0.02705    0.0031
   420/599     6.73G   0.02332   0.01634  0.001122   0.04079       211       640    0.9246    0.8799    0.9131    0.4423   0.04445   0.02714  0.003212
   421/599     6.73G   0.02322   0.01622  0.001143   0.04059       164       640    0.9198    0.8891     0.912    0.4439   0.04422   0.02712  0.003205
   422/599     6.73G   0.02368   0.01604  0.001169   0.04089       161       640    0.9203    0.8976    0.9182    0.4384   0.04392   0.02662  0.003287
   423/599     6.73G   0.02342   0.01597  0.001011    0.0404       159       640    0.9367    0.8947    0.9222    0.4366   0.04385   0.02659  0.003249
   424/599     6.73G   0.02323   0.01562  0.001072   0.03992       170       640    0.9363    0.8853    0.9112    0.4416   0.04406   0.02664  0.003197
   425/599     6.73G   0.02382   0.01596  0.001128   0.04091       133       640    0.9365    0.8853    0.9074    0.4387    0.0444   0.02696   0.00313
   426/599     6.73G   0.02312   0.01587  0.001094   0.04009       193       640    0.9248    0.8883    0.9092    0.4365   0.04452   0.02729  0.002982
   427/599     6.73G   0.02292    0.0161  0.001078   0.04009       202       640    0.9509    0.8723    0.9153    0.4377   0.04451   0.02766  0.003151
   428/599     6.73G   0.02286   0.01539  0.001099   0.03935       187       640    0.9277    0.8939    0.9141    0.4434   0.04427    0.0273  0.003243
   429/599     6.73G   0.02311   0.01552  0.001094   0.03972       163       640    0.9329    0.8925    0.9147    0.4437   0.04419   0.02747  0.003347
   430/599     6.73G   0.02333   0.01535  0.001156   0.03983       167       640    0.9229    0.8959    0.9106    0.4353   0.04412   0.02743  0.003065
   431/599     6.73G    0.0236   0.01601   0.00126   0.04087       174       640    0.9193    0.9001    0.9115    0.4349   0.04424   0.02734  0.003089
   432/599     6.73G   0.02289   0.01578  0.001114   0.03979       202       640    0.9236    0.9004    0.9159    0.4294    0.0445   0.02772  0.003153
   433/599     6.73G   0.02348   0.01585  0.001129   0.04045       180       640    0.9267    0.8954    0.9179    0.4261   0.04468   0.02764  0.003064
   434/599     6.73G   0.02295   0.01612  0.001297   0.04037       181       640    0.9278    0.8892    0.9118    0.4325   0.04473   0.02779  0.003175
   435/599     6.73G   0.02301   0.01627  0.001155   0.04043       179       640    0.9273    0.8812    0.9103    0.4407   0.04469   0.02812  0.003385
   436/599     6.73G   0.02326   0.01531  0.001141   0.03971       154       640    0.9096    0.8861    0.9048    0.4415   0.04482   0.02825  0.003416
   437/599     6.73G   0.02351   0.01589  0.001243   0.04065       179       640     0.918    0.8857    0.9052    0.4381   0.04446    0.0279  0.003302
   438/599     6.73G   0.02324   0.01556  0.001247   0.04005       169       640      0.93    0.8904    0.9124    0.4383     0.044   0.02777  0.003206
   439/599     6.73G   0.02266   0.01482  0.001093   0.03857       145       640    0.9304    0.8936    0.9108    0.4396   0.04403   0.02784  0.002857
   440/599     6.73G   0.02314   0.01562  0.001163   0.03992       159       640    0.9329     0.888    0.9101    0.4315   0.04412   0.02805   0.00277
   441/599     6.73G   0.02294   0.01622  0.001285   0.04044       164       640    0.9387    0.8766    0.9114    0.4293   0.04431   0.02802  0.002853
   442/599     6.73G   0.02345    0.0159  0.001304   0.04065       222       640    0.9332    0.8797    0.9125     0.426   0.04449   0.02801  0.003011
   443/599     6.73G   0.02342   0.01563  0.001221   0.04028       170       640    0.9274    0.8926    0.9166    0.4342   0.04471   0.02781  0.003054
   444/599     6.73G   0.02255   0.01524  0.001005    0.0388       148       640    0.9388    0.8774    0.9132    0.4344   0.04436   0.02797  0.003041
   445/599     6.73G   0.02292   0.01559  0.001128   0.03964       159       640    0.9459    0.8805    0.9135    0.4282   0.04461   0.02813  0.003231
   446/599     6.73G   0.02273   0.01536  0.001137   0.03923       181       640    0.9316    0.8872    0.9067    0.4354   0.04501   0.02841  0.003576
   447/599     6.73G   0.02283   0.01557  0.001129   0.03953       158       640    0.9464    0.8841    0.9094    0.4329    0.0451   0.02855  0.003523
   448/599     6.73G   0.02263   0.01551  0.001085   0.03922       163       640    0.9305    0.8901    0.9058    0.4271   0.04546   0.02873  0.003999
   449/599     6.73G   0.02287   0.01575  0.001131   0.03975       174       640    0.9252    0.8985    0.9101    0.4274   0.04521   0.02843  0.003982
   450/599     6.73G   0.02257   0.01545  0.001046   0.03907       153       640    0.9554    0.8698    0.9123    0.4273     0.045   0.02821  0.003621
   451/599     6.73G   0.02282   0.01528  0.001101    0.0392       156       640    0.9369    0.8846     0.914    0.4318    0.0447   0.02812  0.003328
   452/599     6.73G   0.02232   0.01504  0.001118   0.03847       141       640    0.9434    0.8813    0.9116     0.433   0.04462   0.02832  0.003292
   453/599     6.73G   0.02305    0.0156  0.001202   0.03985       163       640     0.943    0.8892    0.9136    0.4302    0.0444    0.0283   0.00312
   454/599     6.73G   0.02263   0.01565  0.001236   0.03952       200       640    0.9481    0.8818    0.9152    0.4313   0.04447   0.02815  0.003157
   455/599     6.73G   0.02298   0.01557  0.001266   0.03982       181       640    0.9459    0.8816    0.9113    0.4338   0.04485   0.02826  0.003335
   456/599     6.73G   0.02255    0.0155  0.001034   0.03908       178       640    0.9389    0.8733    0.9043    0.4266   0.04506   0.02906  0.003524
   457/599     6.73G   0.02277   0.01542  0.001073   0.03925       170       640    0.9523      0.86    0.9056    0.4262   0.04443   0.02861  0.003113
   458/599     6.73G   0.02255   0.01492   0.00102   0.03849       149       640    0.9639    0.8522     0.909    0.4313   0.04424   0.02806  0.002978
   459/599     6.73G   0.02272   0.01565  0.001135   0.03951       138       640    0.9309    0.8781    0.9139    0.4315   0.04439   0.02794  0.003092
   460/599     6.73G   0.02264   0.01559  0.001117   0.03935       211       640    0.9223     0.889      0.91    0.4346   0.04418   0.02837  0.003295
   461/599     6.73G   0.02239    0.0153  0.001059   0.03875       152       640    0.9246    0.8826     0.911    0.4321   0.04401   0.02811   0.00354
   462/599     6.73G   0.02217   0.01535  0.001017   0.03854       154       640    0.9313    0.8764    0.9139    0.4344   0.04414   0.02803  0.003622
   463/599     6.73G   0.02229   0.01541 0.0009818   0.03868       144       640    0.9327    0.8835    0.9146    0.4296    0.0443   0.02803  0.003728
   464/599     6.73G   0.02284   0.01536  0.001177   0.03937       177       640    0.9315    0.8749    0.9126    0.4305   0.04452   0.02808  0.003577
   465/599     6.73G   0.02224   0.01482 0.0009568   0.03803       152       640    0.9334    0.8801    0.9129    0.4282   0.04441    0.0282  0.003659
   466/599     6.73G   0.02248   0.01551  0.001067   0.03905       174       640    0.9276    0.8807    0.9095    0.4289   0.04437   0.02819  0.003711
   467/599     6.73G   0.02277   0.01573 0.0009663   0.03947       184       640     0.946    0.8714    0.9155    0.4326   0.04421   0.02802  0.003656
   468/599     6.73G   0.02203   0.01542  0.001106   0.03856       195       640    0.9448     0.879    0.9116    0.4319   0.04443   0.02806   0.00364
   469/599     6.73G    0.0223    0.0156  0.001151   0.03905       216       640    0.9437    0.8796    0.9087    0.4313   0.04428   0.02805  0.003717
   470/599     6.73G   0.02245   0.01567  0.001058   0.03918       218       640    0.9249    0.8928    0.9151    0.4299   0.04439   0.02791  0.003969
   471/599     6.73G   0.02241   0.01505 0.0009215   0.03838       149       640    0.9295    0.8862    0.9128    0.4314   0.04464   0.02791  0.003981
   472/599     6.73G   0.02264   0.01538  0.001012   0.03903       191       640    0.9571    0.8696    0.9118    0.4297   0.04473   0.02814  0.003739
   473/599     6.73G    0.0224    0.0156  0.001194    0.0392       159       640    0.9524    0.8716    0.9119    0.4305   0.04467   0.02812  0.003626
   474/599     6.73G   0.02278   0.01575  0.001129   0.03965       183       640    0.9495    0.8669    0.9092    0.4323   0.04458   0.02793  0.003677
   475/599     6.73G   0.02208   0.01529 0.0009946   0.03836       167       640    0.9346    0.8767    0.9126    0.4337   0.04424   0.02799  0.003744
   476/599     6.73G    0.0232   0.01541  0.001226   0.03984       183       640    0.9402    0.8738    0.9152     0.427   0.04448   0.02843  0.003823
   477/599     6.73G   0.02231   0.01515  0.001177   0.03863       136       640    0.9427    0.8707    0.9183    0.4266   0.04457   0.02882  0.003727
   478/599     6.73G   0.02212   0.01498  0.001025   0.03813       161       640    0.9384    0.8727    0.9112    0.4251   0.04435   0.02892  0.003777
   479/599     6.73G   0.02232   0.01519   0.00109    0.0386       169       640    0.9402    0.8786    0.9089    0.4245   0.04447   0.02897   0.00382
   480/599     6.73G   0.02223   0.01531  0.001031   0.03857       173       640    0.9354    0.8791     0.905    0.4207   0.04481   0.02888  0.003819
   481/599     6.73G   0.02232   0.01533  0.001136   0.03879       174       640    0.9455    0.8731    0.9067    0.4233    0.0449   0.02842  0.003729
   482/599     6.73G   0.02208   0.01559  0.001135    0.0388       176       640    0.9417    0.8719    0.9048    0.4253   0.04491   0.02824   0.00379
   483/599     6.73G   0.02196   0.01533  0.001074   0.03836       148       640    0.9309    0.8826    0.9093    0.4319   0.04483   0.02789  0.003765
   484/599     6.73G   0.02234   0.01528  0.001121   0.03874       200       640    0.9311    0.8866    0.9109    0.4249   0.04472   0.02789  0.003768
   485/599     6.73G   0.02203   0.01516  0.001091   0.03828       209       640    0.9269    0.8843    0.9112    0.4251    0.0447   0.02799  0.003698
   486/599     6.73G   0.02206   0.01521  0.001119   0.03839       188       640    0.9274    0.8888    0.9096    0.4258   0.04494   0.02791  0.003594
   487/599     6.73G   0.02207   0.01567  0.001029   0.03877       156       640    0.9275    0.8917    0.9121    0.4242   0.04509   0.02802  0.003631
   488/599     6.73G   0.02208   0.01511  0.001026   0.03822       179       640    0.9244    0.8849    0.9082    0.4288   0.04486   0.02779  0.003557
   489/599     6.73G   0.02232   0.01532  0.001193   0.03884       218       640    0.9166    0.8906    0.9084    0.4346   0.04475   0.02769  0.003413
   490/599     6.73G   0.02186   0.01499 0.0009985   0.03785       171       640    0.9198      0.89    0.9104    0.4323   0.04468   0.02763  0.003333
   491/599     6.73G   0.02218   0.01558  0.001001   0.03876       160       640    0.9185    0.8917    0.9157    0.4365   0.04442   0.02783  0.003346
   492/599     6.73G   0.02226   0.01513  0.001352   0.03875       198       640    0.9208    0.8946    0.9147    0.4285   0.04443   0.02801  0.003348
   493/599     6.73G   0.02247   0.01557  0.001158   0.03919       170       640    0.9478    0.8751    0.9152    0.4309   0.04439   0.02796  0.003293
   494/599     6.73G   0.02206   0.01557  0.001213   0.03884       185       640     0.936    0.8813    0.9134    0.4336    0.0446   0.02819  0.003252
   495/599     6.73G   0.02153    0.0151  0.001181   0.03782       189       640     0.928    0.8824    0.9058    0.4337   0.04459   0.02816  0.003061
   496/599     6.73G    0.0221   0.01527  0.001099   0.03846       169       640    0.9199    0.8924    0.9078    0.4337   0.04444   0.02802  0.003112
   497/599     6.73G   0.02209   0.01527  0.001004   0.03837       171       640    0.9265    0.8914    0.9096    0.4318   0.04435   0.02798  0.003177
   498/599     6.73G    0.0219   0.01544  0.001108   0.03845       164       640     0.938    0.8708    0.9095    0.4343   0.04416   0.02826  0.003243
   499/599     6.73G   0.02169   0.01532  0.001015   0.03802       220       640    0.9228    0.8969    0.9122    0.4351   0.04386   0.02837  0.003232
   500/599     6.73G   0.02175   0.01563  0.001171   0.03855       161       640     0.927    0.8845    0.9128      0.44    0.0441   0.02853  0.003268
   501/599     6.73G   0.02194   0.01503 0.0009688   0.03793       142       640    0.9174    0.8798    0.9054    0.4333   0.04459   0.02864  0.003418
   502/599     6.73G   0.02207   0.01537  0.001269    0.0387       188       640    0.9239    0.8897    0.9093    0.4349   0.04458   0.02869  0.003183
   503/599     6.73G   0.02184   0.01525  0.001066   0.03816       152       640    0.9207    0.8866    0.9047    0.4315   0.04451   0.02867  0.003137
   504/599     6.73G   0.02197   0.01492 0.0009342   0.03783       151       640     0.954    0.8662    0.9085    0.4339   0.04448   0.02842  0.003127
   505/599     6.73G   0.02177   0.01509 0.0009992   0.03786       139       640    0.9487    0.8709    0.9096    0.4322   0.04436   0.02835  0.002995
   506/599     6.73G   0.02169   0.01507  0.001006   0.03777       202       640    0.9466    0.8709     0.909    0.4342    0.0444   0.02842  0.002973
   507/599     6.73G   0.02161   0.01467  0.001061   0.03734       149       640     0.917     0.887     0.908    0.4322   0.04443   0.02853  0.002974
   508/599     6.73G   0.02127   0.01488 0.0009574    0.0371       143       640    0.9344    0.8688    0.9079    0.4306   0.04437   0.02846  0.002941
   509/599     6.73G   0.02145   0.01524  0.001026   0.03771       199       640    0.9344    0.8685    0.9093    0.4319   0.04444   0.02841  0.003026
   510/599     6.73G   0.02168    0.0157  0.001055   0.03843       188       640    0.9116    0.8959     0.909    0.4303   0.04448   0.02832  0.003071
   511/599     6.73G   0.02154   0.01455 0.0009994   0.03709       162       640    0.9236    0.8887    0.9067     0.429   0.04437   0.02848  0.003331
   512/599     6.73G   0.02208   0.01492  0.001141   0.03814       154       640    0.9206    0.8858    0.9045    0.4224   0.04463   0.02868  0.003285
   513/599     6.73G   0.02099   0.01475 0.0009093   0.03665       164       640     0.951    0.8633     0.906    0.4245   0.04481   0.02898  0.003246
   514/599     6.73G    0.0216   0.01453  0.001171    0.0373       175       640    0.9226    0.8891    0.9049    0.4285   0.04466   0.02888  0.003224
   515/599     6.73G   0.02108   0.01462 0.0009684   0.03667       158       640    0.9225      0.89    0.9055    0.4221   0.04456   0.02885   0.00322
   516/599     6.73G   0.02181   0.01494 0.0009701   0.03772       178       640    0.9219    0.8862    0.9039    0.4259   0.04446   0.02882  0.003134
   517/599     6.73G   0.02201   0.01522  0.000999   0.03823       184       640    0.9231    0.8851    0.9027    0.4321   0.04438   0.02898  0.003143
   518/599     6.73G   0.02145   0.01491 0.0009448    0.0373       189       640    0.9314     0.883    0.9057    0.4332   0.04457   0.02911  0.003212
   519/599     6.73G   0.02128   0.01481 0.0009772   0.03707       136       640    0.9372    0.8756    0.9009    0.4285   0.04466   0.02925  0.003286
   520/599     6.73G    0.0212   0.01451  0.000967   0.03668       143       640    0.9413    0.8714    0.9082    0.4343   0.04461   0.02904  0.003245
   521/599     6.73G   0.02146   0.01505  0.001135   0.03765       165       640    0.9304    0.8743    0.9025    0.4366   0.04489   0.02907  0.003359
   522/599     6.73G   0.02212   0.01492  0.000993   0.03804       151       640    0.9214    0.8813    0.9008    0.4307   0.04502   0.02922  0.003563
   523/599     6.73G   0.02158   0.01492  0.001066   0.03757       172       640    0.9401    0.8687     0.905    0.4251     0.045   0.02926  0.003455
   524/599     6.73G   0.02111   0.01475 0.0009936   0.03686       165       640    0.9295    0.8809    0.9046    0.4302   0.04498   0.02909   0.00332
   525/599     6.73G   0.02112   0.01483 0.0009532    0.0369       173       640    0.9236     0.891    0.9069    0.4342   0.04486   0.02898  0.003393
   526/599     6.73G   0.02199   0.01483  0.001023   0.03784       179       640    0.9249    0.8934    0.9058    0.4326   0.04482   0.02884  0.003554
   527/599     6.73G    0.0213   0.01514  0.001006   0.03744       173       640     0.925    0.8909    0.9049    0.4307   0.04491   0.02876  0.003739
   528/599     6.73G   0.02124   0.01466  0.001034   0.03694       150       640    0.9234    0.8878    0.9064    0.4308   0.04478   0.02879  0.004001
   529/599     6.73G   0.02112   0.01488 0.0009899   0.03699       199       640     0.923     0.883     0.906    0.4333   0.04458   0.02909  0.004162
   530/599     6.73G   0.02159    0.0144 0.0009885   0.03698       181       640    0.9333    0.8859    0.9063    0.4318   0.04442   0.02904   0.00413
   531/599     6.73G   0.02109   0.01471 0.0009987    0.0368       185       640    0.9329    0.8825    0.9072    0.4315   0.04481   0.02909  0.003934
   532/599     6.73G   0.02147   0.01485 0.0009805   0.03731       154       640    0.9244    0.8901    0.9065     0.434   0.04478   0.02899   0.00363
   533/599     6.73G   0.02145   0.01447  0.001115   0.03703       135       640    0.9269    0.8885    0.9065     0.438    0.0447   0.02886  0.003465
   534/599     6.73G   0.02105   0.01477  0.001106   0.03693       169       640    0.9299    0.8821    0.9041     0.432   0.04491   0.02889  0.003445
   535/599     6.73G   0.02169   0.01472  0.001008   0.03742       197       640    0.9239    0.8862    0.9075    0.4273   0.04522   0.02885   0.00354
   536/599     6.73G   0.02187    0.0147  0.001047   0.03762       160       640    0.9262     0.885    0.9015     0.431    0.0453   0.02889   0.00362
   537/599     6.73G   0.02203    0.0147  0.001158   0.03788       171       640    0.9303    0.8854    0.9039    0.4296   0.04529   0.02896  0.003747
   538/599     6.73G   0.02118   0.01421 0.0008815   0.03627       150       640    0.9185    0.8956    0.9082     0.426   0.04509   0.02863  0.003804
   539/599     6.73G    0.0211   0.01432  0.001029   0.03645       170       640    0.9208    0.8951     0.907    0.4304   0.04471   0.02843  0.003843
   540/599     6.73G    0.0213   0.01499  0.001043   0.03733       149       640    0.9196    0.8988    0.9042     0.434   0.04474   0.02843  0.003717
   541/599     6.73G   0.02106   0.01494  0.001095    0.0371       190       640    0.9135    0.9004    0.9059    0.4388   0.04471   0.02823  0.003626
   542/599     6.73G    0.0209    0.0145  0.001042   0.03645       165       640    0.9157    0.9046    0.9061    0.4389    0.0445     0.028  0.003607
   543/599     6.73G   0.02045   0.01445 0.0009616   0.03586       179       640    0.9386    0.8824    0.9079    0.4387   0.04453   0.02795  0.003671
   544/599     6.73G   0.02048   0.01486 0.0009283   0.03627       188       640    0.9293    0.8955    0.9118    0.4371   0.04453   0.02792  0.003716
   545/599     6.73G   0.02117   0.01488  0.001109   0.03716       156       640    0.9299    0.8964    0.9125    0.4347   0.04475   0.02813  0.003761
   546/599     6.73G    0.0211   0.01466 0.0009427    0.0367       179       640    0.9225    0.9035    0.9079    0.4319   0.04472   0.02825  0.003746
   547/599     6.73G    0.0205   0.01475  0.001011   0.03627       161       640    0.9192    0.9063    0.9128    0.4297   0.04464   0.02827  0.003822
   548/599     6.73G   0.02103   0.01466 0.0009135    0.0366       118       640    0.9119    0.9085    0.9066    0.4244   0.04476   0.02841  0.003779
   549/599     6.73G   0.02185   0.01501  0.001097   0.03796       204       640    0.9169    0.9018    0.9069    0.4252    0.0447    0.0285  0.003666
   550/599     6.73G   0.02153   0.01478  0.001105   0.03741       144       640    0.9112    0.9033    0.9059    0.4263   0.04455   0.02851   0.00379
   551/599     6.73G   0.02081   0.01456   0.00099   0.03636       201       640      0.92    0.8959    0.9035    0.4247    0.0445   0.02852  0.003914
   552/599     6.73G   0.02079   0.01432 0.0009897    0.0361       182       640     0.927    0.8859     0.904    0.4253   0.04464   0.02856  0.003971
   553/599     6.73G   0.02071   0.01432   0.00103   0.03606       188       640    0.9427     0.868    0.9024    0.4321   0.04488    0.0287  0.003997
   554/599     6.73G    0.0206   0.01447 0.0009164   0.03598       132       640     0.933    0.8668    0.8981    0.4248   0.04534   0.02915  0.004047
   555/599     6.73G   0.02141   0.01495  0.001074   0.03744       162       640    0.9274    0.8802    0.9035    0.4248   0.04537   0.02933  0.003944
   556/599     6.73G   0.02082   0.01437  0.001011    0.0362       179       640    0.9347    0.8752     0.903    0.4229   0.04515   0.02934  0.003929
   557/599     6.73G   0.02151   0.01479  0.001092   0.03739       170       640    0.9422    0.8744     0.909    0.4285   0.04496   0.02934  0.003867
   558/599     6.73G   0.02093    0.0141  0.001057   0.03608       164       640    0.9363    0.8753    0.9039    0.4245   0.04473   0.02929  0.003743
   559/599     6.73G   0.02093   0.01468 0.0009861   0.03659       147       640    0.9415    0.8821    0.9094    0.4216   0.04465   0.02927  0.003596
   560/599     6.73G   0.02078   0.01453 0.0009573   0.03627       161       640    0.9488    0.8745    0.9064    0.4271   0.04467   0.02927  0.003572
   561/599     6.73G   0.02095   0.01433 0.0009259    0.0362       139       640    0.9232    0.8982    0.9102    0.4336   0.04469   0.02934  0.003686
   562/599     6.73G   0.02079   0.01489 0.0008358   0.03652       157       640    0.9436    0.8791    0.9074    0.4264   0.04486    0.0293  0.003646
   563/599     6.73G   0.02066    0.0141 0.0009707   0.03573       164       640    0.9329    0.8848    0.9111    0.4291   0.04485   0.02928   0.00365
   564/599     6.73G   0.02109   0.01515  0.001172   0.03741       194       640     0.943    0.8775    0.9101     0.428   0.04472   0.02934  0.003514
   565/599     6.73G   0.02095   0.01472  0.001037   0.03671       154       640    0.9397    0.8868    0.9106    0.4311   0.04475   0.02955  0.003542
   566/599     6.73G   0.02083    0.0147  0.001152   0.03668       128       640    0.9258    0.8918    0.9119    0.4283    0.0447    0.0297  0.003517
   567/599     6.73G   0.02112   0.01457  0.001215   0.03691       148       640    0.9205    0.8901    0.9118     0.423   0.04474    0.0298  0.003534
   568/599     6.73G   0.02115   0.01453  0.001242   0.03693       168       640    0.9358     0.879    0.9115    0.4186   0.04479   0.02973  0.003217
   569/599     6.73G   0.02103   0.01498  0.001084   0.03709       189       640    0.9399    0.8803    0.9114    0.4202   0.04458   0.02965  0.002871
   570/599     6.73G   0.02108    0.0147  0.001159   0.03694       183       640    0.9326    0.8852    0.9107     0.423    0.0444   0.02955  0.002742
   571/599     6.73G   0.02062   0.01505 0.0009582   0.03663       189       640    0.9277    0.8918    0.9105    0.4272    0.0444    0.0294  0.002907
   572/599     6.73G    0.0219   0.01514  0.001153   0.03819       158       640    0.9407    0.8851    0.9141    0.4279   0.04455   0.02945  0.002962
   573/599     6.73G   0.02081   0.01438 0.0009906   0.03618       162       640    0.9388    0.8938    0.9149    0.4285    0.0444   0.02934  0.002975
   574/599     6.73G   0.02117   0.01437 0.0009911   0.03653       136       640     0.946    0.8869    0.9154    0.4269   0.04438   0.02938  0.002995
   575/599     6.73G   0.02137   0.01462  0.001001   0.03699       175       640    0.9456    0.8864    0.9153    0.4266   0.04436   0.02938  0.003069
   576/599     6.73G   0.02069   0.01455 0.0009059   0.03615       173       640    0.9439    0.8864    0.9123    0.4248   0.04449   0.02932  0.003193
   577/599     6.73G   0.02058    0.0142  0.001044   0.03582       168       640    0.9416    0.8795    0.9096    0.4252   0.04454   0.02951  0.003155
   578/599     6.73G   0.02081   0.01478 0.0009378   0.03653       128       640    0.9247    0.8892    0.9092    0.4241   0.04453   0.02952  0.003285
   579/599     6.73G   0.02121   0.01456 0.0009868   0.03675       154       640    0.9199    0.8929    0.9094    0.4239   0.04446   0.02934  0.003246
   580/599     6.73G   0.02102   0.01464  0.001092   0.03676       146       640    0.9179    0.8949    0.9085    0.4237   0.04431    0.0295  0.003388
   581/599     6.73G   0.02052   0.01463  0.001087   0.03624       157       640    0.9208     0.877    0.9066    0.4277    0.0441    0.0296    0.0036
   582/599     6.73G   0.02127   0.01454  0.001114   0.03692       171       640    0.9231     0.892    0.9096    0.4262   0.04399   0.02933  0.003757
   583/599     6.73G   0.02058   0.01409 0.0008339    0.0355       145       640    0.9218    0.8896    0.9101    0.4251   0.04399   0.02915  0.003813
   584/599     6.73G   0.02035   0.01427 0.0009258   0.03554       180       640    0.9426    0.8799    0.9121    0.4289   0.04412   0.02932  0.003782
   585/599     6.73G    0.0207   0.01438   0.00105   0.03613       172       640    0.9386    0.8823    0.9097    0.4252   0.04423   0.02942  0.003741
   586/599     6.73G    0.0206   0.01494 0.0009733   0.03652       161       640     0.936    0.8799    0.9108    0.4234   0.04437   0.02941  0.003601
   587/599     6.73G   0.02077    0.0148  0.000896   0.03647       177       640    0.9386    0.8743     0.909    0.4221   0.04452   0.02957  0.003478
   588/599     6.73G   0.02072   0.01491  0.001073   0.03671       177       640    0.9379    0.8714    0.9068    0.4195    0.0447   0.02973  0.003414
   589/599     6.73G   0.02061   0.01419  0.001026   0.03582       158       640    0.9504    0.8672    0.9081    0.4234   0.04469   0.02988  0.003399
   590/599     6.73G   0.02097   0.01439  0.001029   0.03638       176       640    0.9436    0.8711    0.9046     0.421   0.04464   0.03002  0.003666
   591/599     6.73G   0.02039   0.01472  0.001046   0.03615       194       640    0.9349    0.8701     0.905    0.4241   0.04465   0.02995  0.003776
   592/599     6.73G    0.0204   0.01456 0.0009152   0.03588       162       640    0.9338     0.873    0.9027    0.4209   0.04471   0.02989  0.003811
   593/599     6.73G   0.02072   0.01403  0.001071   0.03582       147       640    0.9374    0.8731    0.9047    0.4226   0.04456   0.02986  0.003676
   594/599     6.73G   0.02088   0.01491  0.001003    0.0368       175       640    0.9402    0.8716    0.9049    0.4232   0.04464   0.02984  0.003741
   595/599     6.73G   0.02026   0.01442 0.0009342   0.03562       146       640    0.9437    0.8701    0.9069    0.4275   0.04471   0.02974  0.003776
   596/599     6.73G   0.02111   0.01456  0.001106   0.03678       152       640    0.9438    0.8645    0.9041    0.4292   0.04479   0.02983  0.003851
   597/599     6.73G   0.02119   0.01478  0.001115   0.03709       162       640    0.9177    0.8909    0.9068     0.427    0.0448   0.02965  0.003885
   598/599     6.73G    0.0207   0.01423 0.0009796   0.03591       179       640     0.943    0.8699    0.9027    0.4262   0.04464    0.0295  0.003905
   599/599     6.73G   0.02035    0.0146  0.000923   0.03588       159       640    0.9469    0.8713    0.9073    0.4257   0.04452   0.02948   0.00391
